2000
738 167
550 940
101 733
262 576
771 964
114 607
217 262
468 468
101 42
23 611
748 685
86 434
836 629
995 379
825 500
723 593
475 703
412 701
968 971
212 913
126 737
219 973
535 775
643 806
347 434
64 176
140 740
450 149
840 129
724 986
943 300
137 544
629 379
379 525
63 160
607 822
359 559
332 895
967 815
192 86
307 201
221 661
954 418
932 719
523 355
331 343
691 5
77 912
4 327
69 293
578 447
186 759
295 441
246 536
227 349
18 811
392 258
555 611
711 705
481 717
11 383
305 572
807 78
573 547
977 534
648 113
449 932
299 859
564 153
763 691
903 13
947 278
139 520
20 899
697 681
493 760
836 752
892 697
996 915
374 636
237 563
377 836
202 707
396 95
636 410
781 101
212 762
573 120
42 286
207 550
364 545
758 375
380 666
299 974
403 119
729 451
613 618
625 330
968 422
474 896
851 563
601 628
295 430
907 664
122 944
193 462
166 901
321 91
6 77
79 764
819 684
975 290
45 76
995 518
663 547
878 60
189 885
95 799
296 86
247 319
660 602
781 577
176 967
712 896
66 977
503 71
617 632
207 121
601 703
10 994
984 847
294 549
781 372
642 972
497 575
230 858
788 628
477 11
665 306
564 749
272 776
130 856
913 235
739 262
125 699
917 857
683 613
388 959
675 432
23 500
233 279
477 41
118 321
196 375
777 832
575 647
105 518
677 623
973 164
234 654
850 452
783 301
4 373
755 382
990 910
778 969
887 578
737 277
458 568
859 246
98 584
504 892
945 168
758 726
662 954
557 933
258 572
375 927
57 687
836 860
866 874
974 638
961 870
145 854
224 582
73 191
552 21
664 840
756 401
256 242
419 474
346 135
910 840
502 235
997 114
57 954
103 186
185 18
300 804
741 687
389 1000
73 110
889 831
496 601
219 755
571 716
969 591
639 649
365 616
284 16
901 814
753 917
23 888
480 909
90 801
841 598
103 521
317 188
743 387
379 710
883 201
722 513
626 818
592 433
747 829
87 15
891 786
159 491
761 19
864 640
215 825
656 455
607 608
531 646
915 367
3 482
696 367
250 36
671 240
842 143
853 173
560 904
605 591
359 608
833 419
946 663
812 747
441 515
715 584
565 242
133 331
319 11
590 271
264 593
427 793
70 863
730 687
824 71
835 42
858 207
563 880
649 260
95 474
48 695
186 651
348 783
850 872
362 894
30 905
187 130
477 102
757 572
156 617
82 705
151 157
873 663
270 724
997 195
153 34
114 504
677 109
550 130
688 240
408 123
32 706
787 157
775 359
745 471
634 230
251 444
497 595
811 159
230 781
660 265
580 862
419 798
36 718
363 278
640 280
681 536
217 656
479 131
136 933
290 537
952 777
817 409
727 903
157 343
207 781
101 167
439 812
152 524
603 882
165 199
829 922
228 802
823 128
603 21
548 85
380 543
928 709
885 157
894 286
712 133
923 638
43 804
835 80
735 307
605 986
993 502
225 666
183 650
877 277
695 744
763 42
238 310
550 665
980 625
159 127
393 253
330 833
751 663
874 386
715 361
835 751
187 797
120 541
956 873
996 449
804 5
475 549
754 724
896 273
711 542
226 283
550 54
640 326
618 97
452 201
962 530
809 360
94 796
659 591
602 886
783 259
457 389
368 282
709 781
985 865
536 748
95 987
446 407
899 57
365 399
803 970
865 858
268 204
636 120
44 934
238 683
59 368
295 197
647 310
80 305
261 378
541 285
609 411
732 240
399 406
464 642
256 963
864 364
402 921
110 821
994 702
50 564
170 992
458 429
34 495
719 896
164 154
331 678
210 759
261 610
36 55
428 852
661 379
500 893
632 143
34 778
394 431
230 545
226 199
992 362
770 502
803 89
557 896
238 170
867 389
475 286
214 475
214 840
803 360
75 228
5 775
834 306
610 130
581 407
570 497
109 65
875 126
476 961
699 632
681 157
123 747
496 567
469 334
805 126
457 34
708 361
566 173
803 754
83 103
666 641
909 270
706 55
627 743
729 800
667 724
373 14
140 510
47 960
719 298
412 677
31 787
59 32
223 376
942 856
709 181
431 43
566 20
687 712
895 61
177 150
661 900
13 397
358 857
897 670
322 44
949 215
687 255
444 413
527 207
620 368
983 683
383 503
125 56
230 682
880 138
995 234
797 505
941 964
73 654
547 421
174 694
452 377
801 148
713 239
443 786
391 697
710 991
981 44
225 772
22 549
800 505
849 675
598 723
949 859
194 679
477 964
498 720
489 581
523 154
357 948
212 469
950 431
226 550
412 405
169 6
10 421
896 392
898 288
745 653
334 779
500 249
621 42
952 994
987 227
506 231
663 143
793 892
968 64
258 864
804 207
419 191
577 763
894 266
915 409
608 938
964 267
985 718
389 275
395 783
932 746
276 505
592 882
237 689
629 46
690 770
166 91
185 726
75 256
85 709
70 352
147 760
910 835
126 605
98 998
679 95
755 198
277 178
735 492
857 53
183 895
528 372
380 17
176 650
734 56
373 843
540 392
958 433
271 152
444 72
708 949
755 489
923 131
622 80
594 818
192 517
25 987
617 463
39 699
863 823
698 269
552 641
989 396
95 67
60 345
876 418
164 220
618 149
354 247
381 688
235 400
438 499
977 909
579 608
244 189
519 981
977 479
645 342
160 555
77 51
752 398
870 856
599 204
15 220
881 503
557 324
571 217
351 517
56 21
462 795
789 912
218 799
836 295
15 946
650 633
793 222
449 697
211 585
963 786
695 332
419 253
575 945
889 805
122 69
273 85
107 793
511 338
321 936
730 27
640 899
130 65
3 424
555 550
163 123
835 254
793 732
249 441
806 665
428 977
29 680
666 862
913 987
322 535
785 970
836 669
317 523
344 343
501 112
789 852
713 238
841 422
93 153
602 338
94 855
277 495
78 302
540 423
320 203
531 471
198 982
419 12
955 51
999 720
683 302
157 116
535 573
501 491
830 95
972 977
246 648
120 350
707 269
552 915
580 21
597 149
918 641
543 747
825 976
201 318
779 974
443 255
373 870
753 793
640 536
526 767
857 483
423 455
405 842
2 387
320 739
322 101
257 426
358 939
413 454
622 112
542 509
978 983
938 502
42 924
450 294
475 980
578 328
308 882
201 552
441 592
565 969
644 875
602 552
192 749
656 572
541 740
475 918
980 501
190 541
351 767
331 787
283 483
668 603
157 660
640 649
538 932
916 630
977 521
744 409
559 656
175 530
522 868
387 287
922 315
744 295
108 637
144 729
604 807
204 469
426 88
701 913
442 615
508 149
812 199
900 715
85 10
741 137
361 434
249 755
555 280
464 341
162 255
437 856
517 168
725 957
76 980
622 902
41 504
439 292
665 687
45 480
308 74
760 684
457 470
796 403
521 501
769 208
170 684
286 289
22 785
87 164
713 493
524 830
253 255
66 964
237 107
689 247
110 293
176 751
404 886
760 630
161 413
396 123
281 401
690 569
549 775
988 421
667 152
866 933
220 309
544 561
406 786
748 878
360 599
158 192
206 420
343 893
208 741
19 933
968 161
670 711
600 889
15 346
623 517
418 197
234 977
415 260
417 700
934 557
36 692
781 781
281 128
285 181
231 152
372 297
638 102
938 849
608 641
165 450
66 339
200 257
752 868
653 358
750 299
465 854
144 655
477 66
272 571
623 558
274 844
606 454
691 68
672 968
143 903
605 699
289 662
447 751
596 649
73 121
982 453
613 883
356 510
541 749
528 536
264 633
403 992
906 891
996 797
898 247
657 161
615 200
52 155
73 517
358 505
53 913
233 688
904 195
945 113
890 213
204 611
729 754
207 422
877 922
647 304
664 899
237 925
746 584
538 852
187 869
786 755
535 206
844 826
595 893
885 923
79 96
878 327
12 419
167 796
348 582
273 775
139 882
717 578
409 441
539 969
87 616
513 521
419 287
869 114
571 631
893 984
761 281
735 574
398 52
515 108
149 874
489 93
635 250
491 48
951 1
897 148
375 794
664 6
543 726
962 693
230 377
461 966
435 858
484 72
375 600
7 434
486 607
928 972
623 222
423 570
875 794
28 448
839 280
583 383
123 13
162 75
210 868
784 957
231 815
540 593
786 963
411 197
947 478
30 233
434 18
479 376
688 726
50 356
678 78
252 404
311 109
194 935
306 953
253 656
115 171
656 331
161 394
28 82
845 657
522 966
767 988
221 432
720 998
753 688
349 458
386 726
964 451
965 897
156 624
481 303
25 505
479 682
574 849
660 590
409 906
621 494
418 361
148 33
155 714
573 818
265 433
733 306
131 46
33 311
828 92
654 589
552 479
238 528
278 977
555 694
808 410
537 938
612 421
62 420
704 493
673 1000
33 239
826 526
397 746
862 938
962 25
165 298
759 492
24 551
213 949
322 678
552 482
457 231
535 956
964 883
167 542
425 233
369 304
69 443
252 463
54 304
928 239
924 609
852 673
359 206
412 435
990 233
301 681
147 774
542 364
74 763
140 800
990 677
471 630
992 944
854 549
128 173
286 422
746 400
298 252
650 442
907 763
740 611
94 402
748 226
422 567
960 214
740 482
52 112
96 446
143 411
891 115
94 428
876 216
472 730
255 204
174 434
676 676
124 272
185 396
975 154
66 315
325 538
950 407
753 829
665 265
963 448
141 690
557 137
12 751
851 964
402 913
76 355
158 641
505 602
554 463
766 291
783 930
779 500
399 264
50 759
651 37
348 458
129 295
38 550
762 311
2 610
916 274
455 381
330 679
544 971
744 226
615 916
290 273
146 576
344 927
331 609
265 179
917 468
556 896
784 351
413 613
27 21
277 43
67 874
106 434
102 835
522 6
368 38
512 934
468 964
508 625
217 498
182 720
221 964
831 134
407 501
603 9
18 221
619 235
875 903
339 888
371 643
82 929
570 458
538 638
585 979
569 399
17 154
128 527
286 913
714 32
788 565
43 8
747 866
669 292
42 747
149 752
908 316
606 492
397 462
755 229
486 220
629 471
696 492
757 57
217 286
22 979
540 200
711 219
168 292
726 633
584 19
373 695
128 312
695 326
945 732
622 647
230 947
648 709
891 850
864 394
312 189
710 258
651 314
242 76
101 287
742 897
617 449
152 724
858 554
466 92
262 58
635 565
612 449
740 340
876 396
869 354
761 564
623 809
629 336
357 478
338 36
487 231
249 455
687 597
882 535
590 927
460 968
455 582
464 975
933 847
338 561
148 367
921 460
71 656
120 359
271 742
961 4
793 415
154 830
219 215
68 833
21 512
885 175
928 475
123 752
394 967
113 363
840 766
856 502
462 372
583 344
197 595
802 63
501 795
783 579
980 70
240 753
880 550
227 371
189 17
665 837
371 122
557 528
889 640
918 342
834 987
673 873
450 797
199 674
714 416
361 393
443 987
878 207
708 991
506 185
493 456
936 549
553 992
721 991
521 983
922 372
410 634
192 121
517 711
768 239
554 696
934 988
939 958
540 612
454 300
652 290
252 913
541 954
813 636
528 366
40 128
58 414
65 755
486 380
869 58
619 620
761 575
252 179
763 31
92 876
232 415
333 361
964 744
407 972
462 285
381 766
675 620
524 663
29 622
769 200
25 929
577 408
755 53
6 693
869 407
650 288
234 964
228 478
488 392
588 331
163 837
392 103
728 572
643 914
142 522
175 767
513 519
438 675
323 861
173 234
823 170
792 719
426 496
755 647
328 179
175 884
595 757
101 918
346 623
228 610
57 380
226 38
604 87
411 427
228 156
311 576
226 295
121 366
269 498
158 86
692 653
330 676
753 122
93 521
700 893
640 473
165 924
903 620
496 234
845 173
221 749
649 216
671 347
354 208
558 255
682 490
975 580
965 729
530 207
38 748
307 548
29 418
507 571
711 708
378 778
293 546
106 727
62 307
379 634
608 115
744 200
501 143
670 658
585 569
660 54
439 101
538 332
852 526
654 431
506 341
455 982
182 452
131 186
344 281
259 731
991 666
896 36
592 232
961 690
613 661
885 373
530 102
183 28
314 510
709 689
289 504
796 975
848 512
112 192
170 363
948 738
989 890
438 193
993 939
345 393
448 45
374 75
628 65
99 719
130 866
881 642
361 488
70 430
653 545
653 484
495 336
464 928
24 613
939 42
259 695
749 507
951 983
47 281
593 491
452 557
273 825
843 1
572 773
617 108
915 637
673 8
335 900
126 99
229 101
175 757
500 227
405 426
571 644
555 682
698 513
359 729
585 78
962 845
933 494
48 936
11 689
699 888
719 255
660 275
840 244
771 406
214 874
123 801
549 235
281 169
8 226
136 316
533 621
175 735
857 606
509 772
114 632
949 388
171 911
647 658
407 115
218 89
308 117
251 681
919 2
844 896
374 743
649 676
67 928
823 785
12 420
401 270
306 313
620 370
419 231
142 59
878 757
317 959
577 656
530 515
956 462
994 351
737 333
285 96
390 356
836 626
549 330
89 522
657 487
468 470
323 685
180 245
590 473
785 787
974 213
120 418
369 887
350 988
753 154
766 166
691 394
378 870
842 710
399 76
102 389
944 546
483 912
21 664
708 723
563 399
265 159
814 490
187 7
747 12
722 128
881 292
602 196
249 446
92 723
933 264
879 929
630 584
713 636
212 921
559 560
204 109
160 116
501 547
936 98
720 679
490 633
967 66
147 655
538 457
306 833
574 151
478 314
894 647
714 821
204 99
708 328
257 692
31 856
790 87
476 481
478 40
10 628
912 901
357 911
842 826
831 651
259 476
673 888
353 623
927 649
364 627
138 423
854 993
161 350
892 569
227 322
8 808
899 538
328 841
177 299
654 6
236 87
958 201
322 370
434 419
499 40
468 408
666 288
27 28
66 990
112 90
415 476
137 386
459 64
977 269
882 62
791 294
485 557
874 142
461 424
976 156
906 334
164 616
961 739
758 799
574 16
732 695
4 384
757 677
936 886
106 849
359 457
968 802
86 94
411 829
271 1
919 153
135 723
963 139
565 556
280 905
295 795
277 789
281 539
733 469
6 481
253 197
948 971
811 733
912 26
901 796
455 149
434 350
600 530
564 643
913 838
836 744
401 580
748 67
846 750
792 224
598 377
715 521
370 323
563 413
805 449
600 616
389 690
612 858
919 293
529 24
740 190
130 68
267 450
814 775
820 313
767 941
793 549
427 803
587 113
468 255
876 851
151 470
580 241
794 916
105 236
899 689
784 897
851 288
504 78
16 510
49 322
185 284
670 231
360 736
322 446
320 763
935 900
548 368
894 77
725 868
199 92
159 305
208 975
725 95
86 571
523 237
452 267
905 878
964 138
877 146
827 444
799 841
459 412
54 150
909 529
577 216
435 140
669 269
946 616
614 52
510 313
700 107
111 650
957 629
811 821
493 362
809 868
766 136
783 120
30 127
871 753
633 510
434 541
608 300
273 170
658 733
190 59
7 38
655 738
827 556
568 961
437 816
926 708
522 61
400 107
996 989
662 440
932 146
672 551
755 712
277 714
569 283
691 355
388 205
799 766
951 520
68 579
922 569
424 112
44 736
678 321
932 151
513 351
992 817
174 334
437 393
236 116
727 612
406 110
234 177
489 555
257 958
260 935
347 449
239 211
900 58
113 652
377 842
140 138
206 493
920 541
613 263
862 284
512 802
543 492
937 604
652 80
982 123
13 179
731 136
276 438
418 846
711 863
676 907
499 429
870 896
755 62
596 458
428 296
439 400
501 580
111 99
168 77
145 627
890 429
981 397
953 44
273 638
60 724
630 900
575 664
98 712
918 422
55 254
936 686
965 906
676 212
648 205
980 332
476 594
410 796
404 203
510 834
669 677
992 514
848 246
349 132
745 128
88 194
400 431
939 399
970 536
118 153
940 214
482 241
712 522
800 590
415 326
893 245
31 442
831 216
560 776
643 502
422 813
652 154
787 126
759 806
548 733
673 427
580 102
503 587
352 666
615 919
241 934
399 141
682 996
714 926
733 870
14 939
172 584
594 959
600 526
499 496
273 462
63 501
277 239
591 560
136 638
927 739
131 465
253 125
915 294
591 69
338 8
268 94
640 245
159 250
763 362
884 526
834 957
350 482
946 744
539 497
514 980
33 471
551 16
141 510
722 693
67 150
796 279
439 396
998 146
117 144
319 863
301 490
366 104
327 910
192 628
438 94
176 937
639 171
442 207
122 237
766 772
526 451
836 271
20 536
772 273
632 45
997 790
971 124
627 61
435 927
588 938
543 421
692 782
89 928
779 2
738 764
88 700
165 798
948 854
642 361
236 626
630 250
828 39
22 655
879 823
297 640
908 504
311 979
28 368
831 358
330 620
174 147
360 384
407 397
127 966
949 437
318 915
727 830
700 419
586 513
973 304
518 204
82 653
833 780
576 4
484 634
990 343
997 17
60 650
9 331
397 268
957 337
93 60
13 661
684 356
654 390
944 772
152 900
847 350
792 321
348 772
846 815
4 414
589 336
268 381
608 187
4 833
458 693
803 425
136 617
125 235
906 90
316 495
939 392
387 425
161 823
582 92
143 348
218 998
689 750
869 572
523 171
174 872
84 591
295 796
885 852
334 900
388 538
838 2
305 991
894 25
278 750
320 890
100 611
732 669
670 819
119 513
410 941
82 924
270 687
292 711
650 453
394 389
700 204
795 391
911 450
244 367
787 496
532 372
121 689
265 332
532 519
839 394
571 858
661 40
830 503
402 454
568 549
598 394
482 571
922 224
89 758
412 104
537 567
416 958
287 819
176 560
794 668
199 378
676 720
108 788
15 743
636 718
94 271
821 293
456 712
347 331
348 762
64 956
922 639
733 866
379 978
550 219
708 405
112 845
242 478
42 22
725 310
939 711
224 974
686 117
113 989
714 452
835 810
827 954
865 883
32 43
212 7
501 550
295 161
352 763
545 856
272 163
328 605
291 108
233 828
593 80
642 249
814 221
229 496
580 559
313 542
2 375
240 99
478 794
768 512
480 592
656 134
141 206
751 126
414 172
502 659