10000
97 62
36 54
25 76
32 44
45 47
3 78
99 80
21 23
13 40
80 87
98 94
31 12
76 60
32 85
97 49
64 67
50 23
40 74
35 5
44 0
99 53
62 36
15 76
38 22
29 94
36 4
15 71
62 10
13 50
92 95
72 71
12 84
79 11
4 72
46 17
76 20
60 60
66 75
57 9
55 97
0 31
83 41
11 46
46 33
68 48
32 39
67 99
79 27
19 39
27 79
1 36
57 20
33 10
83 43
56 71
12 32
59 28
72 25
12 66
99 6
98 99
3 26
98 51
5 80
49 29
19 12
16 25
22 69
44 92
98 86
58 63
37 78
73 33
69 86
32 58
83 56
53 35
88 97
63 30
41 62
41 97
66 27
33 39
24 4
81 98
0 19
5 38
56 22
99 80
97 78
60 57
41 78
27 38
75 12
13 69
4 81
54 12
86 16
62 16
38 12
20 48
97 81
93 93
16 66
55 59
27 55
85 51
95 74
79 13
24 72
73 1
50 32
82 87
16 87
62 18
20 67
95 88
15 24
74 8
39 31
21 24
48 94
17 20
46 29
29 85
88 44
17 32
95 34
46 52
73 15
18 6
48 8
13 51
66 35
52 7
8 61
83 36
5 12
79 90
97 8
84 13
55 18
30 46
98 84
43 79
39 76
15 82
3 80
60 90
44 30
29 13
39 96
76 5
39 59
37 91
79 42
29 76
17 39
19 71
9 58
4 96
64 75
10 55
84 19
29 45
51 28
44 17
83 26
78 74
36 90
38 49
73 32
55 11
31 23
2 17
23 69
44 67
40 34
6 61
48 64
2 75
47 26
52 6
49 80
69 47
76 12
72 16
74 81
49 39
67 13
54 90
89 26
13 32
21 15
38 89
41 7
58 2
74 24
56 15
79 82
49 86
70 2
74 34
81 44
39 96
30 4
91 2
81 14
13 19
37 8
30 94
90 24
82 80
72 90
98 49
15 11
89 12
14 72
14 50
60 42
36 75
21 82
58 83
84 56
93 52
91 47
70 60
70 66
79 38
54 17
21 28
40 5
50 71
13 95
89 43
75 61
26 29
13 3
29 96
12 11
53 83
45 42
90 28
55 37
22 35
78 18
43 8
84 63
37 60
27 74
74 73
95 26
11 15
37 47
86 28
5 99
62 94
63 56
43 27
88 62
76 27
37 84
93 97
12 68
43 61
17 37
18 18
72 18
15 61
19 82
3 12
82 11
58 46
56 93
33 86
51 56
91 69
20 19
38 59
19 34
72 41
3 35
83 27
26 77
71 78
40 13
80 11
38 49
10 54
41 42
86 22
85 0
68 37
66 11
28 89
82 79
74 63
55 97
96 34
85 52
49 35
97 54
90 55
29 34
41 76
41 80
58 0
78 33
70 20
69 30
21 25
70 20
63 51
42 14
14 81
37 33
97 37
0 48
52 62
37 81
0 2
41 90
30 87
97 97
77 29
29 54
63 65
5 25
71 66
44 90
24 48
19 77
78 89
68 84
32 1
14 52
20 30
65 64
77 8
7 17
12 13
55 73
81 37
35 17
0 92
76 94
73 75
24 76
84 32
75 31
94 19
2 86
64 84
68 81
37 19
82 58
49 16
13 10
48 90
65 56
9 42
28 9
99 14
10 26
12 65
42 25
30 17
76 73
36 64
63 96
81 52
66 88
21 10
46 78
35 87
21 45
13 84
44 11
83 90
60 89
45 20
12 72
27 65
22 54
41 94
72 72
33 76
83 52
91 52
3 46
27 55
11 62
35 43
97 38
28 13
93 44
70 63
13 46
70 55
92 15
76 85
65 98
87 5
74 97
52 92
63 0
98 44
44 61
83 47
84 8
20 69
66 27
7 22
39 75
16 27
82 79
81 67
39 28
49 42
84 60
55 5
40 39
47 45
75 4
51 37
42 67
38 54
82 4
9 13
4 37
26 86
7 93
58 52
12 50
53 25
38 28
97 83
79 71
77 47
66 87
46 34
3 32
7 72
63 5
12 63
80 28
9 17
82 18
35 13
86 23
85 68
8 82
69 25
85 44
58 71
39 97
5 35
13 57
51 34
34 87
59 93
18 1
86 55
38 59
36 16
43 61
57 6
70 65
64 59
97 61
39 98
73 40
94 65
37 72
56 21
53 98
22 46
87 67
75 42
34 90
52 83
14 34
76 65
3 17
94 50
83 55
83 72
23 76
39 57
28 80
81 26
17 6
74 46
42 57
66 91
47 69
93 7
7 59
42 91
64 90
99 50
65 45
56 72
42 83
17 24
53 59
38 70
48 52
84 99
88 40
51 99
87 78
50 92
28 70
91 53
82 60
60 5
53 43
70 42
1 78
27 94
35 5
5 28
43 93
66 42
96 10
47 21
31 38
5 57
5 57
75 98
33 27
45 90
98 8
74 8
83 81
84 25
87 49
79 78
63 57
32 46
52 60
48 22
54 98
27 72
70 5
63 33
33 85
64 76
16 53
55 24
85 92
60 84
83 32
34 39
8 18
71 89
11 79
29 34
26 9
22 20
5 97
80 73
20 30
78 28
43 65
10 23
81 12
52 88
3 44
44 45
67 23
90 59
0 56
94 46
11 20
12 62
87 39
46 69
49 32
11 71
40 32
18 32
10 80
30 33
85 7
31 2
72 70
50 89
14 76
93 7
28 19
30 46
73 86
29 51
45 89
59 26
29 75
52 24
49 80
52 12
79 67
71 20
90 2
35 67
89 47
88 53
16 67
73 30
77 87
0 74
27 28
77 76
45 56
7 88
36 52
86 65
10 98
97 69
96 79
19 35
12 70
34 37
14 88
50 5
80 70
95 15
15 67
14 79
47 31
21 73
75 69
80 87
74 74
15 86
81 57
54 0
74 27
6 2
16 73
5 50
80 40
95 78
32 93
94 14
26 86
34 94
42 25
90 57
38 4
80 20
72 3
64 30
38 75
27 61
11 34
69 41
35 10
75 25
92 45
17 26
28 20
80 30
37 39
38 82
84 0
50 88
14 97
59 46
2 2
98 14
76 81
22 4
0 0
87 57
14 11
68 26
19 7
80 14
91 66
8 82
20 81
24 81
83 22
55 89
87 9
49 40
72 90
23 0
19 16
61 63
69 4
26 65
30 69
77 2
0 13
38 84
68 96
49 20
65 50
81 79
45 1
67 12
13 84
5 0
73 7
11 86
53 22
44 77
75 71
63 66
43 64
40 87
87 75
53 52
65 2
34 71
32 22
2 73
89 45
75 84
14 90
64 40
84 33
13 88
63 94
22 30
70 3
91 97
35 14
89 64
70 59
72 72
43 83
56 18
8 18
44 16
30 64
97 91
63 28
62 23
4 10
53 6
14 73
2 21
51 65
14 47
57 48
0 99
39 14
53 76
82 52
91 93
43 96
25 80
75 26
33 64
41 60
98 82
96 59
55 64
54 61
17 53
80 69
93 44
91 68
21 77
17 61
63 20
34 14
55 3
58 80
59 94
31 88
96 85
43 36
53 54
90 25
98 50
96 99
50 52
48 55
44 40
85 69
43 38
79 33
32 28
55 74
84 10
2 8
57 64
7 25
21 10
32 26
99 55
98 99
95 6
61 21
49 25
92 27
89 50
13 5
57 55
91 34
85 85
30 78
51 72
25 93
67 28
18 13
42 74
77 27
96 4
21 48
41 22
12 47
44 84
27 38
78 97
32 67
78 47
72 19
48 60
28 6
40 96
97 45
79 39
67 51
4 45
42 67
12 2
5 7
45 92
4 69
4 24
16 33
41 55
11 26
5 39
56 23
41 16
64 34
73 39
54 52
12 16
89 74
76 24
58 34
24 19
2 24
34 61
59 36
17 73
44 11
49 66
97 80
48 98
81 25
17 94
76 39
40 90
47 91
87 60
94 98
32 2
9 0
25 52
70 0
41 54
16 88
47 51
96 41
10 8
46 34
92 95
68 48
46 2
84 3
27 38
56 93
75 48
30 20
68 52
3 14
42 59
54 60
19 33
21 76
54 54
7 25
79 80
99 80
49 57
55 27
18 89
44 98
53 19
43 53
22 90
27 58
38 82
14 87
99 62
51 85
69 90
70 61
10 84
4 44
0 79
6 41
92 73
14 99
97 62
36 54
25 76
32 44
45 47
3 78
99 80
21 23
13 40
80 87
98 94
31 12
76 60
32 85
97 49
64 67
50 23
40 74
35 5
44 0
99 53
62 36
15 76
38 22
29 94
36 4
15 71
62 10
13 50
92 95
72 71
12 84
79 11
4 72
46 17
76 20
60 60
66 75
57 9
55 97
0 31
83 41
11 46
46 33
68 48
32 39
67 99
79 27
19 39
27 79
1 36
57 20
33 10
83 43
56 71
12 32
59 28
72 25
12 66
99 6
98 99
3 26
98 51
5 80
49 29
19 12
16 25
22 69
44 92
98 86
58 63
37 78
73 33
69 86
32 58
83 56
53 35
88 97
63 30
41 62
41 97
66 27
33 39
24 4
81 98
0 19
5 38
56 22
99 80
97 78
60 57
41 78
27 38
75 12
13 69
4 81
54 12
86 16
62 16
38 12
20 48
97 81
93 93
16 66
55 59
27 55
85 51
95 74
79 13
24 72
73 1
50 32
82 87
16 87
62 18
20 67
95 88
15 24
74 8
39 31
21 24
48 94
17 20
46 29
29 85
88 44
17 32
95 34
46 52
73 15
18 6
48 8
13 51
66 35
52 7
8 61
83 36
5 12
79 90
97 8
84 13
55 18
30 46
98 84
43 79
39 76
15 82
3 80
60 90
44 30
29 13
39 96
76 5
39 59
37 91
79 42
29 76
17 39
19 71
9 58
4 96
64 75
10 55
84 19
29 45
51 28
44 17
83 26
78 74
36 90
38 49
73 32
55 11
31 23
2 17
23 69
44 67
40 34
6 61
48 64
2 75
47 26
52 6
49 80
69 47
76 12
72 16
74 81
49 39
67 13
54 90
89 26
13 32
21 15
38 89
41 7
58 2
74 24
56 15
79 82
49 86
70 2
74 34
81 44
39 96
30 4
91 2
81 14
13 19
37 8
30 94
90 24
82 80
72 90
98 49
15 11
89 12
14 72
14 50
60 42
36 75
21 82
58 83
84 56
93 52
91 47
70 60
70 66
79 38
54 17
21 28
40 5
50 71
13 95
89 43
75 61
26 29
13 3
29 96
12 11
53 83
45 42
90 28
55 37
22 35
78 18
43 8
84 63
37 60
27 74
74 73
95 26
11 15
37 47
86 28
5 99
62 94
63 56
43 27
88 62
76 27
37 84
93 97
12 68
43 61
17 37
18 18
72 18
15 61
19 82
3 12
82 11
58 46
56 93
33 86
51 56
91 69
20 19
38 59
19 34
72 41
3 35
83 27
26 77
71 78
40 13
80 11
38 49
10 54
41 42
86 22
85 0
68 37
66 11
28 89
82 79
74 63
55 97
96 34
85 52
49 35
97 54
90 55
29 34
41 76
41 80
58 0
78 33
70 20
69 30
21 25
70 20
63 51
42 14
14 81
37 33
97 37
0 48
52 62
37 81
0 2
41 90
30 87
97 97
77 29
29 54
63 65
5 25
71 66
44 90
24 48
19 77
78 89
68 84
32 1
14 52
20 30
65 64
77 8
7 17
12 13
55 73
81 37
35 17
0 92
76 94
73 75
24 76
84 32
75 31
94 19
2 86
64 84
68 81
37 19
82 58
49 16
13 10
48 90
65 56
9 42
28 9
99 14
10 26
12 65
42 25
30 17
76 73
36 64
63 96
81 52
66 88
21 10
46 78
35 87
21 45
13 84
44 11
83 90
60 89
45 20
12 72
27 65
22 54
41 94
72 72
33 76
83 52
91 52
3 46
27 55
11 62
35 43
97 38
28 13
93 44
70 63
13 46
70 55
92 15
76 85
65 98
87 5
74 97
52 92
63 0
98 44
44 61
83 47
84 8
20 69
66 27
7 22
39 75
16 27
82 79
81 67
39 28
49 42
84 60
55 5
40 39
47 45
75 4
51 37
42 67
38 54
82 4
9 13
4 37
26 86
7 93
58 52
12 50
47 21
31 38
5 57
5 57
75 98
33 27
45 90
98 8
74 8
83 81
84 25
87 49
79 78
63 57
32 46
52 60
48 22
54 98
27 72
70 5
63 33
33 85
64 76
16 53
55 24
85 92
60 84
83 32
34 39
8 18
71 89
11 79
29 34
26 9
22 20
5 97
80 73
20 30
78 28
43 65
10 23
81 12
52 88
3 44
44 45
67 23
90 59
0 56
94 46
11 20
12 62
87 39
46 69
49 32
11 71
40 32
18 32
10 80
30 33
85 7
31 2
72 70
50 89
14 76
93 7
28 19
30 46
73 86
29 51
45 89
59 26
29 75
52 24
49 80
52 12
79 67
71 20
90 2
35 67
89 47
88 53
16 67
73 30
77 87
0 74
27 28
77 76
45 56
7 88
36 52
86 65
10 98
97 69
96 79
19 35
12 70
34 37
14 88
50 5
80 70
95 15
56 6
18 88
16 94
88 24
10 39
85 95
43 63
87 51
62 99
93 1
8 62
52 99
30 56
83 99
16 36
68 98
6 3
83 5
39 60
13 27
71 2
55 53
78 10
45 35
69 12
85 13
0 43
26 19
44 19
86 22
53 46
42 24
40 18
24 35
64 98
99 6
39 5
70 45
2 61
34 14
12 56
54 58
83 19
54 92
51 44
80 69
57 36
46 17
78 88
87 49
41 13
90 49
25 36
70 5
56 29
96 73
90 59
68 28
71 83
90 37
76 88
15 72
5 54
77 65
83 23
99 86
9 69
69 37
1 50
97 22
97 62
49 60
66 14
67 57
39 29
25 0
93 65
78 64
93 86
28 18
86 70
21 56
71 17
74 50
7 8
24 91
32 35
51 34
1 83
44 82
1 77
31 56
57 89
96 29
4 76
85 96
37 10
92 13
84 47
26 30
41 72
26 47
17 86
96 28
53 60
25 85
1 15
46 80
45 54
56 10
52 35
19 12
79 5
8 27
10 62
74 91
67 70
89 4
54 80
13 84
17 73
2 43
82 76
89 6
17 3
71 28
69 46
8 23
7 33
97 25
82 86
25 62
80 94
85 47
97 72
8 24
61 14
36 74
28 29
5 46
98 13
81 63
41 5
47 94
79 24
27 86
16 19
35 12
62 13
2 75
39 56
73 48
93 16
11 89
33 15
48 39
15 46
98 54
24 20
13 69
81 83
22 23
79 94
81 29
11 87
8 59
53 72
52 28
11 12
99 20
76 17
10 38
95 14
53 92
98 82
58 47
63 87
34 41
17 8
65 24
77 10
20 53
94 8
84 42
9 74
96 99
49 40
82 29
88 31
31 63
41 69
9 70
41 0
94 38
87 69
93 79
44 88
6 63
86 82
66 96
19 93
63 70
32 64
24 19
84 51
72 15
31 71
45 13
80 68
43 67
6 23
44 51
91 87
87 67
59 48
83 47
2 72
89 64
93 74
95 71
95 40
59 98
21 95
45 24
9 82
97 79
55 85
5 53
90 80
61 45
51 17
42 91
61 56
17 76
49 79
30 5
26 85
1 89
24 45
48 68
74 31
40 89
40 52
31 43
80 70
2 80
53 52
46 26
84 51
68 96
26 77
27 5
88 66
63 78
44 33
14 86
41 4
13 68
77 11
45 71
22 45
90 61
51 29
63 88
69 42
18 50
88 95
83 58
42 64
65 28
61 58
1 63
10 72
74 78
88 44
29 14
39 43
36 61
71 5
68 94
87 26
25 68
7 37
9 1
86 97
83 48
72 66
23 54
32 84
60 47
10 24
24 4
22 39
29 72
47 56
63 92
14 66
73 79
13 14
2 76
25 34
44 21
19 81
30 56
59 57
8 89
69 10
56 86
8 68
16 76
33 28
84 42
12 94
50 31
5 44
6 43
13 41
58 20
92 1
52 75
73 25
32 94
60 88
3 96
59 49
64 75
60 87
23 25
72 69
57 50
15 55
53 8
88 71
66 11
0 25
3 61
92 21
45 71
36 78
53 52
67 8
59 52
37 22
50 14
18 95
16 8
26 28
68 49
50 1
38 41
12 72
58 61
73 89
41 76
2 12
2 54
64 29
11 20
63 39
45 99
8 18
47 42
11 45
26 31
59 81
2 89
45 68
24 31
55 55
26 15
39 53
23 1
11 72
79 23
55 48
1 22
40 78
14 83
15 88
71 44
86 54
48 82
14 99
17 58
15 89
33 85
53 89
51 90
80 34
19 36
85 77
97 56
34 21
61 27
92 45
1 27
4 79
1 12
90 26
38 72
62 21
66 37
33 49
32 31
12 30
44 17
33 82
19 57
64 30
76 12
78 66
42 22
87 25
77 96
20 4
28 41
92 24
81 8
22 9
83 17
94 70
76 71
2 80
89 3
18 98
44 35
54 52
37 57
86 55
79 24
6 74
12 46
19 89
89 8
68 28
65 69
95 12
61 52
35 96
68 49
69 87
87 53
32 40
16 38
77 87
9 91
70 25
79 61
9 43
92 12
47 58
60 75
69 4
88 1
69 40
93 43
96 5
11 32
38 97
43 14
83 61
37 60
96 91
74 21
1 79
8 63
29 56
43 44
80 71
51 24
11 69
46 96
36 88
1 82
74 99
39 38
82 19
75 55
93 2
80 46
0 84
26 76
97 63
87 81
20 33
85 36
96 99
45 5
17 74
11 2
10 36
41 77
48 57
39 42
97 29
15 70
53 40
0 66
36 51
44 93
47 0
27 33
2 67
66 8
99 60
55 43
29 34
81 88
46 48
9 18
50 67
6 78
49 73
29 9
38 43
26 28
85 16
9 86
12 66
22 46
61 17
77 67
15 24
97 31
66 85
49 95
11 97
14 68
57 53
18 89
8 48
3 65
40 91
25 2
80 58
48 5
74 27
59 60
39 86
65 3
61 0
86 30
94 65
71 32
8 41
55 89
1 15
61 6
97 43
84 92
95 65
90 12
11 49
82 38
53 57
52 9
89 57
43 6
82 22
76 23
9 20
41 13
70 49
37 80
17 7
73 69
75 97
21 11
94 84
96 72
45 90
2 50
9 27
14 35
41 99
18 91
97 72
59 69
17 29
63 57
47 13
60 28
14 26
32 60
74 87
51 6
45 53
16 31
13 30
90 18
76 76
84 9
35 53
90 71
44 7
86 67
77 98
11 76
93 72
50 87
84 62
59 84
82 81
22 84
13 9
19 57
73 98
23 40
91 24
62 52
62 5
43 45
30 85
37 43
45 38
28 18
77 72
17 74
49 47
69 65
27 57
88 74
8 89
82 3
52 37
87 60
47 44
95 20
17 53
37 16
7 76
77 17
97 50
93 40
60 95
9 74
81 16
63 4
52 6
69 1
14 34
45 61
25 69
2 58
9 50
40 73
5 48
88 82
13 97
74 95
52 62
22 80
86 71
15 63
57 21
59 78
12 86
53 79
40 28
19 56
78 37
82 32
89 32
49 63
18 70
33 96
58 85
43 93
18 52
18 96
89 42
72 75
90 99
45 14
47 66
19 68
79 83
52 9
1 16
93 34
22 49
9 40
74 3
81 92
4 17
92 62
96 57
7 59
28 62
36 26
30 34
37 96
7 84
0 32
8 6
35 46
37 4
33 69
83 29
33 98
57 77
88 6
7 60
1 65
12 17
6 61
36 1
12 15
27 59
23 66
5 97
66 92
77 19
77 74
88 58
78 64
46 51
12 42
70 83
32 97
4 74
1 1
94 88
62 53
69 51
6 81
22 0
65 5
4 46
33 99
85 42
69 29
18 7
32 42
84 54
4 1
30 24
1 59
98 44
33 90
27 52
92 19
90 13
18 22
32 43
55 39
55 43
58 54
38 80
53 23
47 57
89 7
82 44
21 35
69 12
45 5
53 70
20 41
89 42
87 43
40 92
38 8
44 25
56 38
25 24
17 3
63 25
57 78
27 18
77 59
16 82
42 95
15 86
69 20
72 85
29 19
98 94
30 66
25 2
28 66
8 59
97 18
15 81
99 53
44 29
23 44
26 25
83 34
45 57
16 45
76 86
86 81
39 8
16 58
26 45
73 43
91 78
82 24
23 53
58 79
23 74
58 19
84 66
90 77
44 12
18 4
63 5
60 99
73 76
72 65
47 42
18 86
41 37
97 52
57 89
92 47
67 66
30 72
27 59
1 40
24 73
97 60
63 24
12 66
79 3
52 54
54 77
82 52
75 73
94 1
22 30
71 33
97 33
13 51
97 3
6 83
3 72
44 90
35 39
73 28
10 28
96 92
42 94
81 12
20 96
6 12
65 70
6 91
72 81
49 36
0 86
47 29
57 52
36 10
4 81
37 50
70 80
75 2
26 76
80 6
92 91
79 51
28 61
37 83
1 64
8 49
2 95
84 41
33 78
9 61
66 88
60 57
29 26
49 24
17 58
69 8
94 91
63 20
81 30
20 27
4 14
35 47
9 93
87 68
69 99
90 81
78 14
87 3
99 70
86 43
33 56
7 46
20 96
33 92
90 62
90 37
49 67
2 56
23 13
28 50
52 57
19 25
29 88
95 36
46 62
54 62
72 8
38 29
74 40
71 4
69 41
12 64
5 45
5 34
42 60
21 9
31 4
74 57
33 96
53 54
4 45
67 14
70 50
50 54
26 90
30 38
15 53
53 40
13 96
99 51
55 26
66 2
35 35
14 62
33 75
31 1
15 5
46 48
76 57
77 22
96 0
6 30
30 34
1 81
33 85
4 5
28 2
98 46
26 41
13 36
26 12
59 66
68 16
39 52
9 21
20 14
3 98
83 77
22 4
85 16
15 19
38 56
28 50
70 77
22 62
39 74
34 27
75 73
95 69
87 69
64 71
47 35
76 11
6 76
17 18
75 65
90 2
75 53
38 0
72 36
29 36
42 99
44 95
12 73
42 97
8 54
23 90
39 5
68 70
76 81
93 99
51 59
95 85
97 79
45 55
75 69
9 21
74 57
51 34
27 84
85 22
65 68
96 36
48 77
75 31
43 40
78 87
48 11
6 98
25 99
77 19
72 13
70 32
67 66
38 53
65 1
82 37
80 62
87 17
74 79
78 71
83 74
95 71
50 12
91 48
3 61
38 66
57 54
65 15
63 65
26 90
29 63
21 12
34 98
78 9
27 1
37 48
29 3
18 12
5 22
56 46
24 87
53 82
38 65
84 83
91 56
52 66
59 28
35 89
0 15
35 13
91 99
23 8
58 47
88 58
79 93
35 90
20 75
2 7
52 62
1 13
5 1
47 55
45 32
56 28
65 65
99 58
21 25
62 60
19 42
86 97
96 28
6 1
56 56
79 41
55 77
46 63
17 52
70 22
26 75
5 51
10 99
49 72
0 38
86 35
39 18
87 62
61 1
68 53
57 28
89 87
84 41
5 58
57 21
24 17
53 93
6 41
87 37
3 70
69 10
44 23
60 22
64 27
29 77
98 40
31 68
22 86
20 67
19 45
63 25
62 85
33 86
33 57
36 90
19 32
95 22
43 12
7 74
50 15
18 80
78 52
26 13
88 4
15 91
4 43
34 1
98 55
27 98
64 0
17 85
83 50
76 18
16 67
22 20
43 30
36 29
16 85
33 4
36 42
67 77
77 11
41 44
56 99
54 92
35 98
77 80
29 16
17 50
52 30
1 51
91 54
84 63
47 9
29 71
99 19
21 32
93 76
14 77
70 60
10 64
81 95
20 60
38 30
28 81
18 32
36 63
81 26
69 64
56 80
47 94
9 75
17 4
71 95
66 37
47 56
53 91
84 8
17 68
19 68
17 20
69 99
68 91
47 91
77 81
27 12
63 46
36 48
35 70
12 6
66 19
8 69
45 45
70 78
55 60
54 19
3 5
99 47
86 9
70 9
90 18
64 40
76 36
66 24
16 33
74 72
91 81
41 28
36 22
85 8
77 99
94 90
35 35
3 82
87 99
43 68
5 29
10 3
54 27
49 1
6 45
97 23
18 65
29 87
56 21
79 81
79 41
69 5
66 59
17 65
73 66
73 49
57 95
1 56
38 32
45 85
26 90
80 79
67 62
27 65
52 53
97 63
23 3
98 13
50 75
6 90
3 69
56 23
54 58
13 11
29 71
49 52
24 59
80 81
85 36
73 93
19 84
70 97
12 88
32 78
44 73
41 88
80 42
78 40
81 74
40 86
48 27
67 45
5 61
4 81
93 35
67 22
83 65
59 99
47 6
38 11
25 35
6 29
44 74
43 75
99 34
56 0
31 68
67 55
83 38
11 91
71 38
11 53
89 68
15 78
77 41
38 21
43 92
19 23
61 57
74 38
56 11
51 87
28 2
4 42
48 42
17 51
28 25
48 15
53 94
32 1
53 97
83 72
12 81
83 85
2 54
57 85
43 40
14 31
0 96
94 18
37 76
15 87
43 89
34 17
94 29
32 22
44 7
40 16
55 99
32 49
44 48
59 63
30 55
19 95
41 79
46 71
93 79
97 89
7 84
95 26
33 20
3 38
26 4
32 97
80 29
97 93
25 85
57 61
88 22
69 63
10 36
1 4
40 86
46 24
16 57
24 1
96 86
92 14
19 8
26 14
56 5
31 77
7 38
44 18
83 11
56 42
23 85
72 23
53 43
40 40
83 82
56 65
48 86
3 48
38 81
42 52
80 67
98 93
10 15
84 49
33 55
71 22
80 10
50 83
30 68
42 15
31 45
22 25
53 11
34 33
71 37
81 48
95 29
39 83
81 33
86 5
66 93
14 43
63 32
45 80
52 37
27 42
4 22
78 51
64 76
14 20
96 95
64 39
40 75
59 24
35 76
25 53
26 48
24 22
68 43
65 94
61 35
66 66
30 96
85 65
33 48
37 93
61 80
45 80
64 29
60 7
92 73
12 18
44 45
22 80
70 24
61 42
76 40
31 21
7 44
48 69
74 77
71 57
17 64
52 25
44 26
23 31
72 83
61 88
31 84
8 38
37 56
63 24
23 4
88 87
99 3
78 77
23 66
53 64
32 21
66 84
4 16
10 71
26 2
95 95
51 69
22 16
61 35
3 78
23 76
25 85
58 41
10 31
99 92
37 91
8 78
83 96
59 61
85 49
53 45
92 31
56 69
80 31
88 14
83 34
35 19
1 88
26 46
51 96
35 92
11 61
33 24
28 8
12 87
35 86
67 15
2 30
49 77
91 80
22 18
16 86
94 68
77 9
95 21
51 87
30 42
8 3
64 94
5 85
26 90
43 16
81 20
76 51
53 58
8 21
72 51
74 43
70 67
57 74
2 82
71 67
2 32
35 65
26 88
5 64
71 91
4 43
11 23
14 62
16 17
29 13
87 97
74 69
59 52
60 62
2 16
12 64
76 2
19 25
45 74
21 40
88 46
9 67
90 36
77 99
27 76
63 4
86 66
16 55
22 76
42 69
11 41
62 24
45 53
88 81
56 94
41 64
82 60
13 97
49 94
18 27
90 14
7 57
5 7
58 48
31 31
59 33
89 13
5 84
60 55
21 75
19 55
13 10
55 32
72 73
66 75
44 15
2 23
85 34
18 57
20 18
73 9
34 68
47 14
73 87
35 25
53 87
12 45
99 29
21 39
96 93
18 81
41 94
94 17
21 84
52 83
27 21
47 80
36 50
13 59
75 5
0 54
3 13
74 45
10 33
37 35
44 60
95 74
9 65
9 87
39 60
60 87
39 28
96 49
19 86
74 23
78 18
93 23
6 56
93 22
7 26
17 57
8 21
23 73
96 37
20 91
55 41
50 62
4 69
42 78
79 1
57 7
70 77
77 74
49 18
34 98
3 80
54 76
93 99
8 79
79 45
41 16
4 17
65 89
8 57
63 61
56 95
25 41
77 99
14 72
40 88
61 69
50 81
16 15
68 0
62 61
99 66
46 91
34 35
96 30
90 95
35 57
98 64
65 72
8 28
17 86
73 68
54 95
28 99
55 35
9 56
80 92
19 24
74 82
56 92
33 5
66 18
76 65
91 85
34 61
67 26
39 69
41 95
58 16
88 72
96 68
76 9
10 33
84 45
11 77
47 65
0 21
62 33
21 90
93 95
5 30
99 23
8 28
99 93
35 56
46 90
91 13
94 88
68 40
31 35
2 68
0 70
79 34
67 19
14 87
46 54
21 15
22 18
0 27
86 57
63 70
96 75
52 11
31 66
8 83
44 3
53 98
57 95
20 26
15 28
54 56
46 2
15 24
7 13
51 10
2 99
29 54
1 83
20 20
86 80
52 66
92 67
66 54
52 64
81 18
20 86
1 27
67 81
85 56
37 31
23 52
16 59
37 34
33 98
40 22
55 19
81 29
8 40
49 57
3 85
25 71
4 25
63 24
60 29
16 62
6 22
92 52
30 85
7 59
61 48
22 28
47 5
18 39
7 65
36 90
38 52
40 90
71 46
69 36
4 83
75 26
43 95
4 66
50 4
96 43
61 10
98 95
35 25
9 19
58 22
72 46
86 9
20 18
34 30
63 2
34 37
90 94
11 73
75 31
35 74
58 85
97 93
35 69
35 18
52 64
42 85
2 56
92 82
14 41
44 10
32 76
23 48
31 60
31 75
82 32
73 88
2 18
55 58
23 35
73 83
32 35
89 51
90 68
36 93
88 6
38 29
60 89
68 56
44 40
27 90
79 73
62 57
7 49
30 35
84 51
49 44
23 88
67 17
89 50
30 69
95 72
91 91
13 91
5 16
13 51
79 13
48 15
32 69
50 12
89 66
47 77
87 98
96 5
55 40
8 66
47 15
9 27
68 48
4 62
97 45
93 90
39 60
99 97
6 79
11 31
45 81
26 6
53 16
78 42
20 41
73 9
61 28
50 9
71 16
81 15
19 20
39 30
79 4
5 29
95 19
33 45
45 1
33 98
53 87
81 85
62 1
31 92
61 2
25 35
94 97
16 91
25 58
80 71
67 68
36 60
3 12
30 65
76 38
47 50
92 98
85 36
38 65
82 0
30 97
9 8
14 81
60 26
82 63
22 47
97 75
81 49
34 35
88 53
29 18
53 25
38 28
97 83
79 71
77 47
66 87
46 34
3 32
7 72
63 5
12 63
80 28
9 17
82 18
35 13
86 23
85 68
8 82
69 25
85 44
58 71
39 97
5 35
13 57
51 34
34 87
59 93
18 1
86 55
38 59
36 16
43 61
57 6
70 65
64 59
97 61
39 98
73 40
94 65
37 72
56 21
53 98
22 46
87 67
75 42
34 90
52 83
14 34
76 65
3 17
94 50
83 55
83 72
23 76
39 57
28 80
81 26
17 6
74 46
42 57
66 91
47 69
93 7
7 59
42 91
64 90
99 50
65 45
56 72
42 83
17 24
53 59
38 70
48 52
84 99
88 40
51 99
87 78
50 92
28 70
91 53
82 60
60 5
53 43
70 42
1 78
27 94
35 5
5 28
43 93
66 42
96 10
47 21
31 38
5 57
5 57
75 98
33 27
45 90
98 8
74 8
83 81
84 25
87 49
79 78
63 57
32 46
52 60
48 22
54 98
27 72
70 5
63 33
33 85
64 76
16 53
55 24
85 92
60 84
83 32
34 39
8 18
71 89
11 79
29 34
26 9
22 20
5 97
80 73
20 30
78 28
43 65
10 23
81 12
52 88
3 44
44 45
67 23
90 59
0 56
94 46
11 20
12 62
87 39
46 69
49 32
11 71
40 32
18 32
10 80
30 33
85 7
31 2
72 70
50 89
14 76
93 7
28 19
30 46
73 86
29 51
45 89
59 26
29 75
52 24
49 80
52 12
79 67
71 20
90 2
35 67
89 47
88 53
16 67
73 30
77 87
0 74
27 28
77 76
45 56
7 88
36 52
86 65
10 98
97 69
96 79
19 35
12 70
34 37
14 88
50 5
80 70
95 15
56 6
18 88
16 94
88 24
10 39
85 95
43 63
87 51
62 99
93 1
8 62
52 99
30 56
83 99
16 36
68 98
6 3
83 5
39 60
13 27
71 2
55 53
78 10
45 35
69 12
85 13
0 43
26 19
44 19
86 22
53 46
42 24
40 18
24 35
64 98
99 6
39 5
70 45
2 61
34 14
12 56
54 58
83 19
54 92
51 44
80 69
57 36
46 17
78 88
87 49
41 13
90 49
25 36
70 5
56 29
96 73
90 59
68 28
71 83
90 37
76 88
15 72
5 54
77 65
83 23
99 86
9 69
69 37
1 50
97 22
97 62
49 60
66 14
67 57
39 29
25 0
93 65
78 64
93 86
28 18
86 70
21 56
71 17
74 50
7 8
24 91
32 35
51 34
1 83
44 82
1 77
31 56
57 89
96 29
4 76
85 96
37 10
92 13
84 47
26 30
41 72
26 47
17 86
96 28
53 60
25 85
1 15
46 80
45 54
56 10
52 35
19 12
79 5
8 27
10 62
74 91
67 70
89 4
54 80
13 84
17 73
2 43
82 76
89 6
17 3
71 28
69 46
8 23
7 33
97 25
82 86
25 62
80 94
85 47
97 72
8 24
61 14
36 74
28 29
5 46
98 13
81 63
41 5
47 94
79 24
27 86
16 19
35 12
62 13
2 75
39 56
73 48
93 16
11 89
33 15
48 39
15 46
98 54
24 20
13 69
81 83
22 23
79 94
81 29
11 87
8 59
53 72
52 28
11 12
99 20
76 17
10 38
95 14
53 92
98 82
58 47
63 87
34 41
17 8
65 24
77 10
20 53
94 8
84 42
9 74
96 99
49 40
82 29
88 31
31 63
41 69
9 70
41 0
94 38
87 69
93 79
44 88
6 63
86 82
66 96
19 93
63 70
32 64
24 19
84 51
72 15
31 71
45 13
80 68
43 67
6 23
44 51
91 87
87 67
59 48
83 47
2 72
89 64
93 74
95 71
95 40
59 98
21 95
45 24
9 82
97 79
55 85
5 53
90 80
61 45
51 17
42 91
61 56
17 76
49 79
30 5
26 85
1 89
24 45
48 68
74 31
40 89
40 52
31 43
80 70
2 80
53 52
46 26
84 51
68 96
26 77
27 5
88 66
63 78
44 33
14 86
41 4
13 68
77 11
45 71
22 45
90 61
51 29
63 88
69 42
18 50
88 95
83 58
42 64
65 28
61 58
1 63
10 72
74 78
88 44
29 14
39 43
36 61
71 5
68 94
87 26
25 68
7 37
9 1
86 97
83 48
72 66
23 54
32 84
60 47
10 24
24 4
22 39
29 72
47 56
63 92
14 66
73 79
13 14
2 76
25 34
44 21
19 81
30 56
59 57
8 89
69 10
56 86
8 68
16 76
33 28
84 42
12 94
50 31
5 44
6 43
13 41
58 20
92 1
52 75
73 25
32 94
60 88
3 96
59 49
64 75
60 87
23 25
72 69
57 50
15 55
53 8
88 71
66 11
0 25
3 61
92 21
45 71
36 78
53 52
67 8
59 52
37 22
50 14
18 95
16 8
26 28
68 49
50 1
38 41
12 72
58 61
73 89
41 76
2 12
2 54
64 29
11 20
63 39
45 99
8 18
47 42
11 45
26 31
59 81
2 89
45 68
24 31
55 55
26 15
39 53
23 1
11 72
79 23
55 48
1 22
40 78
14 83
15 88
71 44
86 54
48 82
14 99
17 58
15 89
33 85
53 89
51 90
80 34
19 36
85 77
97 56
34 21
61 27
92 45
1 27
4 79
1 12
90 26
38 72
62 21
66 37
33 49
32 31
12 30
44 17
33 82
19 57
64 30
76 12
78 66
42 22
87 25
77 96
20 4
28 41
92 24
81 8
22 9
83 17
94 70
76 71
2 80
89 3
18 98
44 35
54 52
37 57
86 55
79 24
6 74
12 46
19 89
89 8
68 28
65 69
95 12
61 52
35 96
68 49
69 87
87 53
32 40
16 38
77 87
9 91
70 25
79 61
9 43
92 12
47 58
60 75
69 4
88 1
69 40
93 43
96 5
11 32
38 97
43 14
83 61
37 60
96 91
74 21
1 79
8 63
29 56
43 44
80 71
51 24
11 69
46 96
36 88
1 82
74 99
39 38
82 19
75 55
93 2
80 46
0 84
26 76
97 63
87 81
20 33
85 36
96 99
45 5
17 74
11 2
10 36
41 77
48 57
39 42
97 29
15 70
53 40
0 66
36 51
44 93
47 0
27 33
2 67
66 8
99 60
55 43
29 34
81 88
46 48
9 18
50 67
6 78
49 73
29 9
50 52
48 55
44 40
85 69
43 38
79 33
32 28
55 74
84 10
2 8
57 64
7 25
21 10
32 26
99 55
98 99
95 6
61 21
49 25
92 27
89 50
13 5
57 55
91 34
85 85
30 78
51 72
25 93
67 28
18 13
42 74
77 27
96 4
21 48
41 22
12 47
44 84
27 38
78 97
32 67
78 47
72 19
48 60
28 6
40 96
97 45
79 39
67 51
4 45
42 67
12 2
5 7
45 92
4 69
4 24
16 33
41 55
11 26
5 39
56 23
41 16
64 34
73 39
54 52
12 16
89 74
76 24
58 34
24 19
2 24
34 61
59 36
17 73
44 11
49 66
97 80
48 98
81 25
17 94
76 39
40 90
47 91
87 60
94 98
32 2
9 0
25 52
70 0
41 54
16 88
47 51
96 41
10 8
46 34
92 95
68 48
46 2
84 3
27 38
56 93
75 48
30 20
68 52
3 14
42 59
54 60
19 33
21 76
54 54
7 25
79 80
99 80
49 57
55 27
18 89
44 98
53 19
43 53
22 90
27 58
38 82
14 87
99 62
51 85
69 90
70 61
10 84
4 44
0 79
6 41
92 73
14 99
97 62
36 54
25 76
32 44
45 47
3 78
99 80
21 23
13 40
80 87
98 94
31 12
76 60
32 85
97 49
64 67
50 23
40 74
35 5
44 0
99 53
62 36
15 76
38 22
29 94
36 4
15 71
62 10
13 50
92 95
72 71
12 84
79 11
4 72
46 17
76 20
60 60
66 75
57 9
55 97
0 31
83 41
11 46
46 33
68 48
32 39
67 99
79 27
19 39
27 79
1 36
57 20
33 10
83 43
56 71
12 32
59 28
72 25
12 66
99 6
98 99
3 26
98 51
5 80
49 29
19 12
16 25
22 69
44 92
98 86
58 63
37 78
73 33
69 86
32 58
83 56
53 35
88 97
63 30
41 62
41 97
66 27
33 39
24 4
81 98
0 19
5 38
56 22
99 80
97 78
60 57
41 78
27 38
75 12
13 69
4 81
54 12
86 16
62 16
38 12
20 48
97 81
93 93
16 66
55 59
27 55
85 51
95 74
79 13
24 72
73 1
50 32
82 87
16 87
62 18
20 67
95 88
15 24
74 8
39 31
21 24
48 94
17 20
46 29
29 85
88 44
17 32
95 34
46 52
73 15
18 6
48 8
13 51
66 35
52 7
8 61
83 36
5 12
79 90
97 8
84 13
55 18
30 46
98 84
43 79
39 76
15 82
3 80
60 90
44 30
29 13
39 96
76 5
39 59
37 91
79 42
29 76
17 39
19 71
9 58
4 96
64 75
10 55
84 19
29 45
51 28
44 17
83 26
78 74
36 90
38 49
73 32
55 11
31 23
2 17
23 69
44 67
40 34
6 61
48 64
2 75
47 26
52 6
49 80
69 47
76 12
72 16
74 81
49 39
67 13
54 90
89 26
13 32
21 15
38 89
41 7
58 2
74 24
56 15
79 82
49 86
70 2
74 34
81 44
39 96
30 4
91 2
81 14
13 19
37 8
30 94
90 24
82 80
72 90
98 49
15 11
89 12
14 72
14 50
60 42
36 75
21 82
58 83
84 56
93 52
91 47
70 60
70 66
79 38
54 17
21 28
40 5
50 71
13 95
89 43
75 61
26 29
13 3
29 96
12 11
53 83
45 42
90 28
55 37
22 35
78 18
43 8
84 63
37 60
27 74
74 73
95 26
11 15
37 47
86 28
5 99
62 94
63 56
43 27
88 62
76 27
37 84
93 97
12 68
43 61
17 37
18 18
72 18
15 61
19 82
3 12
82 11
58 46
56 93
33 86
51 56
91 69
20 19
38 59
19 34
72 41
3 35
83 27
26 77
71 78
40 13
80 11
38 49
10 54
41 42
86 22
85 0
68 37
66 11
28 89
82 79
74 63
55 97
96 34
85 52
49 35
97 54
90 55
29 34
41 76
41 80
58 0
78 33
70 20
69 30
21 25
70 20
63 51
42 14
14 81
37 33
97 37
0 48
52 62
37 81
0 2
41 90
30 87
97 97
77 29
29 54
63 65
5 25
71 66
44 90
24 48
19 77
78 89
68 84
32 1
14 52
20 30
65 64
77 8
7 17
12 13
55 73
81 37
35 17
0 92
76 94
73 75
24 76
84 32
75 31
94 19
2 86
64 84
68 81
37 19
82 58
49 16
13 10
48 90
65 56
9 42
28 9
99 14
10 26
12 65
42 25
30 17
76 73
36 64
63 96
81 52
66 88
21 10
46 78
35 87
21 45
13 84
44 11
83 90
60 89
45 20
12 72
27 65
22 54
41 94
72 72
33 76
83 52
91 52
3 46
27 55
11 62
35 43
97 38
28 13
93 44
70 63
13 46
70 55
92 15
76 85
65 98
87 5
74 97
52 92
63 0
98 44
44 61
83 47
84 8
20 69
66 27
7 22
39 75
16 27
82 79
81 67
39 28
49 42
84 60
55 5
40 39
47 45
75 4
51 37
42 67
38 54
82 4
9 13
4 37
26 86
7 93
58 52
12 50
53 25
38 28
97 83
79 71
77 47
66 87
46 34
3 32
7 72
63 5
12 63
80 28
9 17
82 18
35 13
86 23
85 68
8 82
69 25
85 44
58 71
39 97
5 35
13 57
51 34
34 87
59 93
18 1
86 55
38 59
36 16
43 61
57 6
70 65
64 59
97 61
39 98
73 40
94 65
37 72
56 21
53 98
22 46
87 67
75 42
34 90
52 83
14 34
76 65
3 17
94 50
83 55
83 72
23 76
39 57
28 80
81 26
17 6
74 46
42 57
66 91
47 69
93 7
7 59
42 91
64 90
99 50
65 45
56 72
42 83
17 24
53 59
38 70
48 52
84 99
88 40
51 99
87 78
50 92
28 70
91 53
82 60
60 5
53 43
70 42
1 78
27 94
35 5
5 28
43 93
66 42
96 10
47 21
31 38
5 57
5 57
75 98
33 27
45 90
98 8
74 8
83 81
84 25
87 49
79 78
63 57
32 46
52 60
48 22
54 98
27 72
70 5
63 33
33 85
64 76
16 53
55 24
85 92
60 84
83 32
34 39
8 18
71 89
11 79
29 34
26 9
22 20
5 97
80 73
20 30
78 28
43 65
10 23
81 12
52 88
3 44
44 45
67 23
90 59
0 56
94 46
11 20
12 62
87 39
46 69
49 32
11 71
40 32
18 32
10 80
30 33
85 7
31 2
72 70
50 89
14 76
93 7
28 19
30 46
73 86
29 51
45 89
59 26
29 75
52 24
49 80
52 12
79 67
71 20
90 2
35 67
89 47
88 53
16 67
73 30
77 87
0 74
27 28
77 76
45 56
7 88
36 52
86 65
10 98
97 69
96 79
19 35
12 70
34 37
14 88
50 5
80 70
95 15
56 6
18 88
16 94
88 24
10 39
85 95
43 63
87 51
62 99
93 1
8 62
52 99
30 56
83 99
16 36
68 98
6 3
83 5
39 60
13 27
71 2
55 53
78 10
45 35
69 12
85 13
0 43
26 19
44 19
86 22
53 46
42 24
40 18
24 35
64 98
99 6
39 5
70 45
2 61
34 14
12 56
54 58
83 19
54 92
51 44
80 69
57 36
46 17
78 88
87 49
41 13
90 49
25 36
70 5
56 29
96 73
90 59
68 28
38 43
26 28
85 16
9 86
12 66
22 46
61 17
77 67
15 24
97 31
66 85
49 95
11 97
14 68
57 53
18 89
8 48
3 65
40 91
25 2
80 58
48 5
74 27
59 60
39 86
65 3
61 0
86 30
94 65
71 32
8 41
55 89
1 15
61 6
97 43
84 92
95 65
90 12
11 49
82 38
53 57
52 9
89 57
43 6
82 22
76 23
9 20
41 13
70 49
37 80
17 7
73 69
75 97
21 11
94 84
96 72
45 90
2 50
9 27
14 35
41 99
18 91
97 72
59 69
17 29
63 57
47 13
60 28
14 26
32 60
74 87
51 6
45 53
16 31
13 30
90 18
76 76
84 9
35 53
90 71
44 7
86 67
77 98
11 76
93 72
50 87
84 62
59 84
82 81
22 84
13 9
19 57
73 98
23 40
91 24
62 52
62 5
43 45
30 85
37 43
45 38
28 18
77 72
17 74
49 47
69 65
27 57
88 74
8 89
82 3
52 37
87 60
47 44
95 20
17 53
37 16
7 76
77 17
97 50
93 40
60 95
9 74
81 16
63 4
52 6
69 1
14 34
45 61
25 69
2 58
9 50
40 73
5 48
88 82
13 97
74 95
52 62
22 80
86 71
15 63
57 21
59 78
12 86
53 79
40 28
19 56
78 37
82 32
89 32
49 63
18 70
33 96
58 85
43 93
18 52
18 96
89 42
72 75
90 99
45 14
47 66
19 68
79 83
52 9
1 16
93 34
22 49
9 40
74 3
81 92
4 17
92 62
96 57
7 59
28 62
36 26
30 34
37 96
7 84
0 32
8 6
35 46
37 4
33 69
83 29
33 98
57 77
88 6
7 60
1 65
12 17
6 61
36 1
12 15
27 59
23 66
5 97
66 92
77 19
77 74
88 58
78 64
46 51
12 42
70 83
32 97
4 74
1 1
94 88
62 53
69 51
6 81
22 0
65 5
4 46
33 99
85 42
69 29
18 7
32 42
84 54
4 1
30 24
1 59
98 44
33 90
27 52
92 19
90 13
18 22
32 43
55 39
55 43
58 54
38 80
53 23
47 57
89 7
82 44
21 35
69 12
45 5
53 70
20 41
89 42
87 43
40 92
38 8
44 25
56 38
25 24
17 3
63 25
57 78
27 18
77 59
16 82
42 95
15 86
69 20
72 85
29 19
98 94
30 66
25 2
28 66
8 59
97 18
15 81
99 53
44 29
23 44
26 25
83 34
45 57
16 45
76 86
86 81
39 8
16 58
26 45
73 43
91 78
82 24
23 53
58 79
23 74
58 19
84 66
90 77
44 12
18 4
63 5
60 99
73 76
72 65
47 42
18 86
41 37
97 52
57 89
92 47
67 66
30 72
27 59
1 40
24 73
97 60
63 24
12 66
79 3
52 54
54 77
82 52
75 73
94 1
22 30
71 33
97 33
13 51
97 3
6 83
3 72
44 90
35 39
73 28
10 28
96 92
42 94
81 12
20 96
6 12
65 70
6 91
72 81
49 36
0 86
47 29
57 52
36 10
4 81
37 50
70 80
75 2
26 76
80 6
92 91
79 51
28 61
37 83
1 64
8 49
2 95
84 41
33 78
9 61
66 88
60 57
29 26
49 24
17 58
69 8
94 91
63 20
81 30
20 27
4 14
35 47
9 93
87 68
69 99
90 81
78 14
87 3
99 70
86 43
33 56
7 46
20 96
33 92
90 62
90 37
49 67
2 56
23 13
28 50
52 57
19 25
29 88
95 36
46 62
54 62
72 8
38 29
74 40
71 4
69 41
12 64
5 45
5 34
42 60
21 9
31 4
74 57
33 96
53 54
4 45
67 14
70 50
50 54
26 90
30 38
15 53
53 40
13 96
99 51
55 26
66 2
35 35
14 62
33 75
31 1
15 5
46 48
76 57
77 22
96 0
6 30
30 34
1 81
33 85
4 5
28 2
98 46
26 41
13 36
26 12
59 66
68 16
39 52
9 21
20 14
3 98
83 77
22 4
85 16
15 19
38 56
28 50
70 77
22 62
39 74
34 27
75 73
95 69
87 69
64 71
47 35
76 11
6 76
17 18
75 65
90 2
75 53
38 0
72 36
29 36
42 99
44 95
12 73
42 97
8 54
23 90
39 5
68 70
76 81
93 99
51 59
95 85
97 79
45 55
75 69
9 21
74 57
51 34
27 84
85 22
65 68
96 36
48 77
75 31
43 40
78 87
48 11
6 98
25 99
77 19
72 13
70 32
67 66
38 53
65 1
82 37
80 62
87 17
74 79
78 71
83 74
95 71
50 12
91 48
3 61
38 66
57 54
65 15
63 65
26 90
29 63
21 12
34 98
78 9
27 1
37 48
29 3
18 12
5 22
56 46
24 87
53 82
38 65
84 83
91 56
52 66
59 28
35 89
0 15
35 13
91 99
23 8
58 47
88 58
79 93
35 90
20 75
2 7
52 62
1 13
5 1
47 55
45 32
56 28
65 65
99 58
21 25
62 60
19 42
86 97
96 28
6 1
56 56
79 41
55 77
46 63
17 52
70 22
26 75
5 51
10 99
49 72
0 38
86 35
39 18
87 62
61 1
68 53
57 28
89 87
84 41
5 58
57 21
24 17
53 93
6 41
87 37
3 70
69 10
44 23
60 22
64 27
29 77
98 40
31 68
22 86
20 67
19 45
63 25
62 85
33 86
33 57
36 90
19 32
95 22
43 12
7 74
50 15
18 80
78 52
26 13
88 4
15 91
4 43
34 1
98 55
27 98
64 0
17 85
83 50
76 18
16 67
22 20
43 30
36 29
16 85
33 4
36 42
67 77
77 11
41 44
56 99
54 92
35 98
77 80
29 16
17 50
52 30
1 51
91 54
84 63
47 9
29 71
99 19
21 32
93 76
14 77
70 60
10 64
81 95
20 60
38 30
28 81
18 32
36 63
81 26
69 64
56 80
47 94
9 75
17 4
71 95
66 37
47 56
53 91
84 8
17 68
19 68
17 20
69 99
68 91
47 91
77 81
27 12
63 46
36 48
35 70
12 6
66 19
8 69
45 45
70 78
55 60
54 19
3 5
99 47
86 9
70 9
90 18
64 40
76 36
66 24
16 33
74 72
91 81
41 28
36 22
85 8
77 99
94 90
35 35
3 82
87 99
43 68
5 29
10 3
54 27
49 1
6 45
97 23
18 65
29 87
56 21
79 81
79 41
69 5
66 59
17 65
73 66
73 49
57 95
1 56
38 32
45 85
26 90
80 79
67 62
27 65
52 53
97 63
23 3
98 13
50 75
6 90
3 69
56 23
54 58
13 11
29 71
49 52
24 59
80 81
85 36
73 93
19 84
70 97
12 88
32 78
44 73
41 88
80 42
78 40
81 74
40 86
48 27
67 45
5 61
4 81
93 35
67 22
83 65
59 99
47 6
38 11
25 35
6 29
44 74
43 75
99 34
56 0
31 68
67 55
83 38
11 91
71 38
11 53
89 68
15 78
77 41
38 21
43 92
19 23
61 57
74 38
56 11
51 87
28 2
4 42
48 42
17 51
28 25
48 15
53 94
32 1
53 97
83 72
12 81
83 85
2 54
57 85
43 40
14 31
0 96
94 18
37 76
15 87
43 89
34 17
94 29
32 22
44 7
40 16
55 99
32 49
44 48
59 63
30 55
19 95
41 79
46 71
93 79
97 89
7 84
95 26
33 20
3 38
26 4
32 97
80 29
97 93
25 85
57 61
88 22
69 63
10 36
1 4
40 86
46 24
16 57
24 1
96 86
92 14
19 8
26 14
56 5
31 77
7 38
44 18
83 11
56 42
23 85
72 23
53 43
40 40
83 82
56 65
48 86
3 48
38 81
42 52
80 67
98 93
10 15
84 49
33 55
71 22
80 10
50 83
30 68
42 15
31 45
22 25
53 11
34 33
71 37
81 48
95 29
39 83
81 33
86 5
66 93
14 43
63 32
45 80
52 37
27 42
4 22
78 51
64 76
14 20
96 95
64 39
40 75
59 24
35 76
25 53
26 48
24 22
68 43
65 94
61 35
66 66
30 96
85 65
33 48
37 93
61 80
45 80
64 29
60 7
92 73
12 18
44 45
22 80
70 24
61 42
76 40
31 21
7 44
48 69
74 77
71 57
17 64
52 25
44 26
23 31
72 83
61 88
31 84
8 38
37 56
63 24
23 4
88 87
99 3
78 77
23 66
53 64
32 21
66 84
4 16
10 71
26 2
95 95
51 69
22 16
61 35
3 78
23 76
25 85
58 41
10 31
99 92
37 91
8 78
83 96
59 61
85 49
53 45
92 31
56 69
80 31
88 14
83 34
35 19
1 88
26 46
51 96
35 92
11 61
33 24
28 8
12 87
35 86
67 15
2 30
49 77
91 80
22 18
16 86
94 68
77 9
95 21
51 87
30 42
8 3
64 94
5 85
26 90
43 16
81 20
76 51
53 58
8 21
72 51
74 43
70 67
57 74
2 82
71 67
2 32
35 65
26 88
5 64
71 91
4 43
11 23
14 62
16 17
29 13
87 97
74 69
59 52
60 62
2 16
12 64
76 2
19 25
45 74
21 40
88 46
9 67
90 36
77 99
27 76
63 4
86 66
16 55
22 76
42 69
11 41
62 24
45 53
88 81
56 94
41 64
82 60
13 97
49 94
18 27
90 14
7 57
5 7
58 48
31 31
59 33
89 13
5 84
60 55
21 75
19 55
13 10
55 32
72 73
66 75
44 15
2 23
85 34
18 57
20 18
73 9
34 68
47 14
73 87
35 25
53 87
12 45
99 29
21 39
96 93
18 81
41 94
94 17
21 84
52 83
27 21
47 80
36 50
13 59
75 5
0 54
3 13
74 45
10 33
37 35
44 60
95 74
9 65
9 87
39 60
60 87
39 28
96 49
19 86
74 23
78 18
93 23
6 56
93 22
7 26
17 57
8 21
23 73
96 37
20 91
55 41
50 62
4 69
42 78
79 1
57 7
70 77
77 74
49 18
34 98
3 80
54 76
93 99
8 79
79 45
41 16
4 17
65 89
8 57
63 61
56 95
25 41
77 99
14 72
40 88
61 69
50 81
16 15
68 0
62 61
99 66
46 91
34 35
96 30
90 95
35 57
98 64
65 72
8 28
17 86
73 68
54 95
28 99
55 35
9 56
80 92
19 24
74 82
56 92
33 5
66 18
76 65
91 85
34 61
67 26
39 69
41 95
58 16
88 72
96 68
76 9
10 33
84 45
11 77
47 65
0 21
62 33
21 90
93 95
5 30
99 23
8 28
99 93
35 56
46 90
91 13
94 88
68 40
31 35
2 68
0 70
79 34
67 19
14 87
46 54
21 15
22 18
0 27
86 57
63 70
96 75
52 11
31 66
8 83
44 3
53 98
57 95
20 26
15 28
54 56
46 2
15 24
7 13
51 10
2 99
29 54
1 83
20 20
86 80
52 66
92 67
66 54
52 64
81 18
20 86
1 27
67 81
85 56
37 31
23 52
16 59
37 34
33 98
40 22
55 19
81 29
8 40
49 57
3 85
25 71
4 25
63 24
60 29
16 62
6 22
92 52
30 85
7 59
61 48
22 28
47 5
18 39
7 65
36 90
38 52
40 90
71 46
69 36
4 83
75 26
43 95
4 66
50 4
96 43
61 10
98 95
35 25
9 19
58 22
72 46
86 9
20 18
34 30
63 2
34 37
90 94
11 73
75 31
35 74
58 85
97 93
35 69
35 18
52 64
42 85
2 56
92 82
14 41
44 10
32 76
23 48
31 60
31 75
82 32
73 88
2 18
55 58
23 35
73 83
32 35
89 51
90 68
36 93
88 6
38 29
60 89
68 56
44 40
27 90
79 73
62 57
7 49
30 35
84 51
49 44
23 88
67 17
89 50
30 69
95 72
91 91
13 91
5 16
13 51
79 13
48 15
32 69
50 12
89 66
47 77
87 98
96 5
55 40
8 66
47 15
9 27
68 48
4 62
97 45
93 90
39 60
99 97
6 79
11 31
45 81
26 6
53 16
78 42
20 41
73 9
61 28
50 9
71 16
81 15
19 20
39 30
79 4
5 29
95 19
33 45
45 1
33 98
53 87
81 85
62 1
31 92
61 2
25 35
94 97
16 91
25 58
80 71
67 68
36 60
3 12
30 65
76 38
47 50
92 98
85 36
38 65
82 0
30 97
9 8
14 81
60 26
82 63
22 47
97 75
81 49
34 35
88 53
29 18
50 52
48 55
44 40
85 69
43 38
79 33
32 28
55 74
84 10
2 8
57 64
7 25
21 10
32 26
99 55
98 99
95 6
61 21
49 25
92 27
89 50
13 5
57 55
91 34
85 85
30 78
51 72
25 93
67 28
18 13
42 74
77 27
96 4
21 48
41 22
12 47
44 84
27 38
78 97
32 67
78 47
72 19
48 60
28 6
40 96
97 45
79 39
67 51
4 45
42 67
12 2
5 7
45 92
4 69
4 24
16 33
41 55
11 26
5 39
56 23
41 16
64 34
73 39
54 52
12 16
89 74
76 24
58 34
24 19
2 24
34 61
59 36
17 73
44 11
49 66
97 80
48 98
81 25
17 94
76 39
40 90
47 91
87 60
94 98
32 2
9 0
25 52
70 0
41 54
16 88
47 51
96 41
10 8
46 34
92 95
68 48
46 2
84 3
27 38
56 93
75 48
30 20
68 52
3 14
42 59
54 60
19 33
21 76
54 54
7 25
79 80
99 80
49 57
55 27
18 89
44 98
53 19
43 53
22 90
27 58
38 82
14 87
99 62
51 85
69 90
70 61
10 84
4 44
0 79
6 41
92 73
14 99
97 62
36 54
25 76
32 44
45 47
3 78
99 80
21 23
13 40
80 87
98 94
31 12
76 60
32 85
97 49
64 67
50 23
40 74
35 5
44 0
99 53
62 36
15 76
38 22
29 94
36 4
15 71
62 10
13 50
92 95
72 71
12 84
79 11
4 72
46 17
76 20
60 60
66 75
57 9
55 97
0 31
83 41
11 46
46 33
68 48
32 39
67 99
79 27
19 39
27 79
1 36
57 20
33 10
83 43
56 71
12 32
59 28
72 25
12 66
99 6
98 99
3 26
98 51
5 80
49 29
19 12
16 25
22 69
44 92
98 86
58 63
37 78
73 33
69 86
32 58
83 56
53 35
88 97
63 30
41 62
41 97
66 27
33 39
24 4
81 98
0 19
5 38
56 22
99 80
97 78
60 57
41 78
27 38
75 12
13 69
4 81
54 12
86 16
62 16
38 12
20 48
97 81
93 93
16 66
55 59
27 55
85 51
95 74
79 13
24 72
73 1
50 32
82 87
16 87
62 18
20 67
95 88
15 24
74 8
39 31
21 24
48 94
17 20
46 29
29 85
88 44
17 32
95 34
46 52
73 15
18 6
48 8
13 51
66 35
52 7
8 61
83 36
5 12
79 90
97 8
84 13
55 18
30 46
98 84
43 79
39 76
15 82
3 80
60 90
44 30
29 13
39 96
76 5
39 59
37 91
79 42
29 76
17 39
19 71
9 58
4 96
64 75
10 55
84 19
29 45
51 28
44 17
83 26
78 74
36 90
38 49
73 32
55 11
31 23
2 17
23 69
44 67
40 34
6 61
48 64
2 75
47 26
52 6
49 80
69 47
76 12
72 16
74 81
49 39
67 13
54 90
89 26
13 32
21 15
38 89
41 7
58 2
74 24
56 15
79 82
49 86
70 2
74 34
81 44
39 96
30 4
91 2
81 14
13 19
37 8
30 94
90 24
82 80
72 90
98 49
15 11
89 12
14 72
14 50
60 42
36 75
21 82
58 83
84 56
93 52
91 47
70 60
70 66
79 38
54 17
21 28
40 5
50 71
13 95
89 43
75 61
26 29
13 3
29 96
12 11
53 83
45 42
90 28
55 37
22 35
78 18
43 8
84 63
37 60
27 74
74 73
95 26
11 15
37 47
86 28
5 99
62 94
63 56
43 27
88 62
76 27
37 84
93 97
12 68
43 61
17 37
18 18
72 18
15 61
19 82
3 12
82 11
58 46
56 93
33 86
51 56
91 69
20 19
38 59
19 34
72 41
3 35
83 27
26 77
71 78
40 13
80 11
38 49
10 54
41 42
86 22
85 0
68 37
66 11
28 89
82 79
74 63
55 97
96 34
85 52
49 35
97 54
90 55
29 34
41 76
41 80
58 0
78 33
70 20
69 30
21 25
70 20
63 51
42 14
14 81
37 33
97 37
0 48
52 62
37 81
0 2
41 90
30 87
97 97
77 29
29 54
63 65
5 25
71 66
44 90
24 48
19 77
78 89
68 84
32 1
14 52
20 30
65 64
77 8
7 17
12 13
55 73
81 37
35 17
0 92
76 94
73 75
24 76
84 32
75 31
94 19
2 86
64 84
68 81
37 19
82 58
49 16
13 10
48 90
65 56
9 42
28 9
99 14
10 26
12 65
42 25
30 17
76 73
36 64
63 96
81 52
66 88
21 10
46 78
35 87
21 45
13 84
44 11
83 90
60 89
45 20
12 72
27 65
22 54
41 94
72 72
33 76
83 52
91 52
3 46
27 55
11 62
35 43
97 38
28 13
93 44
70 63
13 46
70 55
92 15
76 85
65 98
87 5
74 97
52 92
63 0
98 44
44 61
83 47
84 8
20 69
66 27
7 22
39 75
16 27
82 79
81 67
39 28
49 42
84 60
55 5
40 39
47 45
75 4
51 37
42 67
38 54
82 4
9 13
4 37
26 86
7 93
58 52
12 50
53 25
38 28
97 83
79 71
77 47
66 87
46 34
3 32
7 72
63 5
12 63
80 28
9 17
82 18
35 13
86 23
85 68
8 82
69 25
85 44
58 71
39 97
5 35
13 57
51 34
34 87
59 93
18 1
86 55
38 59
36 16
43 61
57 6
70 65
64 59
97 61
39 98
73 40
94 65
37 72
56 21
53 98
22 46
87 67
75 42
34 90
52 83
14 34
76 65
3 17
94 50
83 55
83 72
23 76
39 57
28 80
81 26
17 6
74 46
42 57
66 91
47 69
93 7
7 59
42 91
64 90
99 50
65 45
56 72
42 83
17 24
53 59
38 70
48 52
84 99
88 40
51 99
87 78
50 92
28 70
91 53
82 60
60 5
53 43
70 42
1 78
27 94
35 5
5 28
43 93
66 42
96 10
47 21
31 38
5 57
5 57
75 98
33 27
45 90
98 8
74 8
83 81
84 25
87 49
79 78
63 57
32 46
52 60
48 22
54 98
27 72
70 5
63 33
33 85
64 76
16 53
55 24
85 92
60 84
83 32
34 39
8 18
71 89
11 79
29 34
26 9
22 20
5 97
80 73
20 92
60 84
83 32
34 39
8 18
71 89
11 79
29 34
26 9
22 20
5 97
80 73
20 30
78 28
43 65
10 23
81 12
52 88
3 44
44 45
67 23
90 59
0 56
94 46
11 20
12 62
87 39
46 69
49 32
11 71
40 32
18 32
10 80
30 33
85 7
31 2
72 70
50 89
14 76
93 7
28 19
30 46
73 86
29 51
45 89
59 26
29 75
52 24
49 80
52 12
79 67
71 20
90 2
35 67
89 47
88 53
16 67
73 30
77 87
0 74
27 28
77 76
45 56
7 88
36 52
86 65
10 98
97 69
96 79
19 35
12 70
34 37
14 88
50 5
80 70
95 15
56 6
18 88
16 94
88 24
10 39
85 95
43 63
87 51
62 99
93 1
8 62
52 99
30 56
83 99
16 36
68 98
6 3
83 5
39 60
13 27
71 2
55 53
78 10
45 35
69 12
85 13
0 43
26 19
44 19
86 22
53 46
42 24
40 18
24 35
64 98
99 6
39 5
70 45
2 61
34 14
12 56
54 58
83 19
54 92
51 44
80 69
57 36
46 17
78 88
87 49
41 13
90 49
25 36
70 5
56 29
96 73
90 59
68 28
50 52
48 55
44 40
85 69
43 38
79 33
32 28
55 74
84 10
2 8
57 64
7 25
21 10
32 26
99 55
98 99
95 6
61 21
49 25
92 27
89 50
13 5
57 55
91 34
85 85
30 78
51 72
25 93
67 28
18 13
42 74
77 27
96 4
21 48
41 22
12 47
44 84
27 38
78 97
32 67
78 47
72 19
48 60
28 6
40 96
97 45
79 39
67 51
4 45
42 67
12 2
5 7
45 92
4 69
4 24
16 33
41 55
11 26
5 39
56 23
41 16
64 34
73 39
54 52
12 16
89 74
76 24
58 34
24 19
2 24
34 61
59 36
17 73
44 11
49 66
97 80
48 98
81 25
17 94
76 39
40 90
47 91
87 60
94 98
32 2
9 0
25 52
70 0
41 54
16 88
47 51
96 41
10 8
46 34
92 95
68 48
46 2
84 3
27 38
56 93
75 48
30 20
68 52
3 14
42 59
54 60
19 33
21 76
54 54
7 25
79 80
99 80
49 57
55 27
18 89
44 98
53 19
43 53
22 90
27 58
38 82
14 87
99 62
51 85
69 90
70 61
10 84
4 44
0 79
6 41
92 73
14 99
97 62
36 54
25 76
32 44
45 47
3 78
99 80
21 23
13 40
80 87
98 94
31 12
76 60
32 85
97 49
64 67
50 23
40 74
35 5
44 0
99 53
62 36
15 76
38 22
29 94
36 4
15 71
62 10
13 50
92 95
72 71
12 84
79 11
4 72
46 17
76 20
60 60
66 75
57 9
55 97
0 31
83 41
11 46
46 33
68 48
32 39
67 99
79 27
19 39
27 79
1 36
57 20
33 10
83 43
56 71
12 32
59 28
72 25
12 66
99 6
98 99
3 26
98 51
5 80
49 29
19 12
16 25
22 69
44 92
98 86
58 63
37 78
73 33
69 86
32 58
83 56
53 35
88 97
63 30
41 62
41 97
66 27
33 39
24 4
81 98
0 19
5 38
56 22
99 80
97 78
60 57
41 78
27 38
75 12
13 69
4 81
54 12
86 16
62 16
38 12
20 48
97 81
93 93
16 66
55 59
27 55
85 51
95 74
79 13
24 72
73 1
50 32
82 87
16 87
62 18
20 67
95 88
15 24
74 8
39 31
21 24
48 94
17 20
46 29
29 85
88 44
17 32
95 34
46 52
73 15
18 6
48 8
13 51
66 35
52 7
8 61
83 36
5 12
79 90
97 8
84 13
55 18
30 46
98 84
43 79
39 76
15 82
3 80
60 90
44 30
29 13
39 96
76 5
39 59
37 91
79 42
29 76
17 39
19 71
9 58
4 96
64 75
10 55
84 19
29 45
51 28
44 17
83 26
78 74
36 90
38 49
73 32
55 11
31 23
2 17
23 69
44 67
40 34
6 61
48 64
2 75
47 26
52 6
49 80
69 47
76 12
72 16
74 81
49 39
67 13
54 90
89 26
13 32
21 15
38 89
41 7
58 2
74 24
56 15
79 82
49 86
70 2
74 34
81 44
39 96
30 4
91 2
81 14
13 19
37 8
30 94
90 24
82 80
72 90
98 49
15 11
89 12
14 72
14 50
60 42
36 75
21 82
58 83
84 56
93 52
91 47
70 60
70 66
79 38
54 17
21 28
40 5
50 71
13 95
89 43
75 61
26 29
13 3
29 96
12 11
53 83
45 42
90 28
55 37
22 35
78 18
43 8
84 63
37 60
27 74
74 73
95 26
11 15
37 47
86 28
5 99
62 94
63 56
43 27
88 62
76 27
37 84
93 97
12 68
43 61
17 37
18 18
72 18
15 61
19 82
3 12
82 11
58 46
56 93
33 92
60 84
83 32
34 39
8 18
71 89
11 79
29 34
26 9
22 20
5 97
80 73
20 30
78 28
43 65
10 23
81 12
52 88
3 44
44 45
67 23
90 59
0 56
94 46
11 20
12 62
87 39
46 69
49 32
11 71
40 32
18 32
10 80
30 33
85 7
31 2
72 70
50 89
14 76
93 7
28 19
30 46
73 86
29 51
45 89
59 26
29 75
52 24
49 80
52 12
79 67
71 20
90 2
35 67
89 47
88 53
16 67
73 30
77 87
0 74
27 28
77 76
45 56
7 88
36 52
86 65
10 98
97 69
96 79
19 35
12 70
34 37
14 88
50 5
80 70
95 15
56 6
18 88
16 94
88 24
10 39
85 95
43 63
87 51
62 99
93 1
8 62
52 99
30 56
83 99
16 36
68 98
6 3
83 5
39 60
13 27
71 2
55 53
78 10
45 35
69 12
85 13
0 43
26 19
44 19
86 22
53 46
42 24
40 18
24 35
64 98
99 6
39 5
70 45
2 61
34 14
12 56
54 58
83 19
54 92
51 44
80 69
57 36
46 17
78 88
87 49
41 13
90 49
25 36
70 5
56 29
96 73
90 59
68 28
50 52
48 55
44 40
85 69
43 38
79 33
32 28
55 74
84 10
2 8
57 64
7 25
21 10
32 26
99 55
98 99
95 6
61 21
49 25
92 27
89 50
13 5
57 55
91 34
85 85
30 78
51 72
25 93
67 28
18 13
42 74
77 27
96 4
21 48
41 22
12 47
44 84
27 38
78 97
32 67
78 47
72 19
48 60
28 6
40 96
97 45
79 39
67 51
4 45
42 67
12 2
5 7
45 92
4 69
4 24
16 33
41 55
11 26
5 39
56 23
41 16
64 34
73 39
54 52
12 16
89 74
76 24
58 34
24 19
2 24
34 61
59 36
17 73
44 11
49 66
97 80
48 98
81 25
17 94
76 39
40 90
47 91
87 60
94 98
32 2
9 0
25 52
70 0
41 54
16 88
47 51
96 41
10 8
46 34
92 95
68 48
46 2
84 3
27 38
56 93
75 48
30 20
68 52
3 14
42 59
54 60
19 33
21 76
54 54
7 25
79 80
99 80
49 57
55 27
18 89
44 98
53 19
43 53
22 90
27 58
38 82
14 87
99 62
51 85
69 90
70 61
10 84
4 44
0 79
6 41
92 73
14 99
97 62
36 54
25 76
32 44
45 47
3 78
99 80
21 23
13 40
80 87
98 94
31 12
76 60
32 85
97 49
64 67
50 23
40 74
35 5
44 0
99 53
62 36
15 76
38 22
29 94
36 4
15 71
62 10
13 50
92 95
72 71
12 84
79 11
4 72
46 17
76 20
60 60
66 75
57 9
55 97
0 31
83 41
11 46
46 33
68 48
32 39
67 99
79 27
19 39
27 79
1 36
57 20
33 10
83 43
56 71
12 32
59 28
72 25
12 66
99 6
98 99
3 26
98 51
5 80
49 29
19 12
16 25
22 69
44 92
98 86
58 63
37 78
73 33
69 86
32 58
83 56
53 35
88 97
63 30
41 62
41 97
66 27
33 39
24 4
81 98
0 19
5 38
56 22
99 80
97 78
60 57
41 78
27 38
75 12
13 69
4 81
54 12
86 16
62 16
38 12
20 48
97 81
93 93
16 66
55 59
27 55
85 51
95 74
79 13
24 72
73 1
50 32
82 87
16 87
62 18
20 67
95 88
15 24
74 8
39 31
21 24
48 94
17 20
46 29
29 85
88 44
17 32
95 34
46 52
73 15
18 6
48 8
13 51
66 35
52 7
8 61
83 36
5 12
79 90
97 8
84 13
55 18
30 46
98 84
43 79
39 76
15 82
3 80
60 90
44 30
29 13
39 96
76 5
39 59
37 91
79 42
29 76
17 39
19 71
9 58
4 96
64 75
10 55
84 19
29 45
51 28
44 17
83 26
78 74
36 90
38 49
73 32
55 11
31 23
2 17
23 69
44 67
40 34
6 61
48 64
2 75
47 26
52 6
49 80
69 47
76 12
72 16
74 81
49 39
67 13
54 90
89 26
13 32
21 15
38 89
41 7
58 2
74 24
56 15
79 82
49 86
70 2
74 34
81 44
39 96
30 4
91 2
81 14
13 19
37 8
30 94
90 24
82 80
72 90
98 49
15 11
89 12
14 72
14 50
60 42
36 75
21 82
58 83
84 56
93 52
91 47
70 60
70 66
79 38
54 17
21 28
40 5
50 71
13 95
89 43
75 61
26 29
13 3
29 96
12 11
53 83
45 42
90 28
55 37
22 35
78 18
43 8
84 63
37 60
27 74
74 73
95 26
11 15
37 47
86 28
5 99
62 94
63 56
43 27
88 62
76 27
37 84
93 97
12 68
43 61
17 37
18 18
72 18
15 61
19 82
3 12
82 11
58 46
56 93
33 92
60 84
83 32
34 39
8 18
71 89
11 79
29 34
26 9
22 20
5 97
80 73
20 30
78 28
43 65
10 23
81 12
52 88
3 44
44 45
67 23
90 59
0 56
94 46
11 20
12 62
87 39
46 69
49 32
11 71
40 32
18 32
10 80
30 33
85 7
31 2
72 70
50 89
14 76
93 7
28 19
30 46
73 86
29 51
45 89
59 26
29 75
52 24
49 80
52 12
79 67
71 20
90 2
35 67
89 47
88 53
16 67
73 30
77 87
0 74
27 28
77 76
45 56
7 88
36 52
86 65
10 98
97 69
96 79
19 35
12 70
34 37
14 88
50 5
80 70
95 15
56 6
18 88
16 94
88 24
10 39
85 95
43 63
87 51
62 99
93 1
8 62
52 99
30 56
83 99
16 36
68 98
6 3
83 5
39 60
13 27
71 2
55 53
78 10
45 35
69 12
85 13
0 43
26 19
44 19
86 22
53 46
42 24
40 18
24 35
64 98
99 6
39 5
70 45
2 61
34 14
12 56
54 58
83 19
54 92
51 44
80 69
57 36
46 17
78 88
87 49
41 13
90 49
25 36
70 5
56 29
96 73
90 59
68 28
50 52
48 55
44 40
85 69
43 38
79 33
32 28
55 74
84 10
2 8
57 64
7 25
21 10
32 26
99 55
98 99
95 6
61 21
49 25
92 27
89 50
13 5
57 55
91 34
85 85
30 78
51 72
25 93
67 28
18 13
42 74
77 27
96 4
21 48
41 22
12 47
44 84
27 38
78 97
32 67
78 47
72 19
48 60
28 6
40 96
97 45
79 39
67 51
4 45
42 67
12 2
5 7
45 92
4 69
4 24
16 33
41 55
11 26
5 39
56 23
41 16
64 34
73 39
54 52
12 16
89 74
76 24
58 34
24 19
2 24
34 61
59 36
17 73
44 11
49 66
97 80
48 98
81 25
17 94
76 39
40 90
47 91
87 60
94 98
32 2
9 0
25 52
70 0
41 54
16 88
47 51
96 41
10 8
46 34
92 95
68 48
46 2
84 3
27 38
56 93
75 48
30 20
68 52
3 14
42 59
54 60
19 33
21 76
54 54
7 25
79 80
99 80
49 57
55 27
18 89
44 98
53 19
43 53
22 90
27 58
38 82
14 87
99 62
51 85
69 90
70 61
10 84
4 44
0 79
6 41
92 73
14 99
97 62
36 54
25 76
32 44
45 47
3 78
99 80
21 23
13 40
80 87
98 94
31 12
76 60
32 85
97 49
64 67
50 23
40 74
35 5
44 0
99 53
62 36
15 76
38 22
29 94
36 4
15 71
62 10
13 50
92 95
72 71
12 84
79 11
4 72
46 17
76 20
60 60
66 75
57 9
55 97
0 31
83 41
11 46
46 33
68 48
32 39
67 99
79 27
19 39
27 79
1 36
57 20
33 10
83 43
56 71
12 32
59 28
72 25
12 66
99 6
98 99
3 26
98 51
5 80
49 29
19 12
16 25
22 69
44 92
98 86
58 63
37 78
73 33
69 86
32 58
83 56
53 35
88 97
63 30
41 62
41 97
66 27
33 39
24 4
81 98
0 19
5 38
56 22
99 80
97 78
60 57
41 78
27 38
75 12
13 69
4 81
54 12
86 16
62 16
38 12
20 48
97 81
93 93
16 66
55 59
27 55
85 51
95 74
79 13
24 72
73 1
50 32
82 87
16 87
62 18
20 67
95 88
15 24
74 8
39 31
21 24
48 94
17 20
46 29
29 85
88 44
17 32
95 34
46 52
73 15
18 6
48 8
13 51
66 35
52 7
8 61
83 36
5 12
79 90
97 8
84 13
55 18
30 46
98 84
43 79
39 76
15 82
3 80
60 90
44 30
29 13
39 96
76 5
39 59
37 91
79 42
29 76
17 39
19 71
9 58
4 96
64 75
10 55
84 19
29 45
51 28
44 17
83 26
78 74
36 90
38 49
73 32
55 11
31 23
2 17
23 69
44 67
40 34
6 61
48 64
2 75
47 26
52 6
49 80
69 47
76 12
72 16
74 81
49 39
67 13
54 90
89 26
13 32
21 15
38 89
41 7
58 2
74 24
56 15
79 82
49 86
70 2
74 34
81 44
39 96
30 4
91 2
81 14
13 19
37 8
30 94
90 24
82 80
72 90
98 49
15 11
89 12
14 72
14 50
60 42
36 75
21 82
58 83
84 56
93 52
91 47
70 60
70 66
79 38
54 17
21 28
40 5
50 71
13 95
89 43
75 61
26 29
13 3
29 96
12 11
53 83
45 42
90 28
55 37
22 35
78 18
43 8
84 63
37 60
27 74
74 73
95 26
11 15
37 47
86 28
5 99
62 94
63 56
43 27
88 62
76 27
37 84
93 97
12 68
43 61
17 37
18 18
72 18
15 61
19 82
3 12
82 11
58 46
56 93
33 86
78 28
43 65
10 23
81 12
52 88
3 44
44 45
67 23
90 59
0 56
94 46
11 20
12 62
87 39
46 69
49 32
11 71
40 32
18 32
10 80
30 33
85 7
31 2
72 70
50 89
14 76
93 7
28 19
30 46
73 86
29 51
45 89
59 26
29 75
52 24
49 80
52 12
79 67
71 20
90 2
35 67
89 47
88 53
16 67
73 30
77 87
0 74
27 28
77 76
45 56
7 88
36 52
86 65
10 98
97 69
96 79
19 35
12 70
34 37
14 88
50 5
80 70
95 15
56 6
18 88
16 94
88 24
10 39
85 95
43 63
87 51
62 99
93 1
8 62
52 99
30 56
83 99
16 36
68 98
6 3
83 5
39 60
13 27
71 2
55 53
78 10
45 35
69 12
85 13
0 43
26 19
44 19
86 22
53 46
42 24
40 18
24 35
64 98
99 6
39 5
70 45
2 61
34 14
12 56
54 58
83 19
54 92
51 44
80 69
57 36
46 17
78 88
87 49
41 13
90 49
25 36
70 5
56 29
96 73
90 59
68 28
50 52
48 55
44 40
85 69
43 38
79 33
32 28
55 74
84 10
2 8
57 64
7 25
21 10
32 26
99 55
98 99
95 6
61 21
49 25
92 27
89 50
13 5
57 55
91 34
85 85
30 78
51 72
25 93
67 28
18 13
42 74
77 27
96 4
21 48
41 22
12 47
44 84
27 38
78 97
32 67
78 47
72 19
48 60
28 6
40 96
97 45
79 39
67 51
4 45
42 67
12 2
5 7
45 92
4 69
4 24
16 33
41 55
11 26
5 39
56 23
41 16
64 34
73 39
54 52
12 16
89 74
76 24
58 34
24 19
2 24
34 61
59 36
17 73
44 11
49 66
97 80
48 98
81 25
17 94
76 39
40 90
47 91
87 60
94 98
32 2
9 0
25 52
70 0
41 54
16 88
47 51
96 41
10 8
46 34
92 95
68 48
46 2
84 3
27 38
56 93
75 48
30 20
68 52
3 14
42 59
54 60
19 33
21 76
54 54
7 25
79 80
99 80
49 57
55 27
18 89
44 98
53 19
43 53
22 90
27 58
38 82
14 87
99 62
51 85
69 90
70 61
10 84
4 44
0 79
6 41
92 73
14 99
97 62
36 54
25 76
32 44
45 47
3 78
99 80
21 23
13 40
80 87
98 94
31 12
76 60
32 85
97 49
64 67
50 23
40 74
35 5
44 0
99 53
62 36
15 76
38 22
29 94
36 4
15 71
62 10
13 50
92 95
72 71
12 84
79 11
4 72
46 17
76 20
60 60
66 75
57 9
55 97
0 31
83 41
11 46
46 33
68 48
32 39
67 99
79 27
19 39
27 79
1 36
57 20
33 10
83 43
56 71
12 32
59 28
72 25
12 66
99 6
98 99
3 26
98 51
5 80
49 29
19 12
16 25
22 69
44 92
98 86
58 63
37 78
73 33
69 86
32 58
83 56
53 35
88 97
63 30
41 62
41 97
66 27
33 39
24 4
81 98
0 19
5 38
56 22
99 80
97 78
60 57
41 78
27 38
75 12
13 69
4 81
54 12
86 16
62 16
38 12
20 48
97 81
93 93
16 66
55 59
27 55
85 51
95 74
79 13
24 72
73 1
50 32
82 87
16 87
62 18
20 67
95 88
15 24
74 8
39 31
21 24
48 94
17 20
46 29
29 85
88 44
17 32
95 34
46 52
73 15
18 6
48 8
13 51
66 35
52 7
8 61
83 36
5 12
79 90
97 8
84 13
55 18
30 46
98 84
43 79
39 76
15 82
3 80
60 90
44 30
29 13
39 96
76 5
39 59
37 91
79 42
29 76
17 39
19 71
9 58
4 96
64 75
10 55
84 19
29 45
51 28
44 17
83 26
78 74
36 90
38 49
73 32
55 11
31 23
2 17
23 69
44 67
40 34
6 61
48 64
2 75
47 26
52 6
49 80
69 47
76 12
72 16
74 81
49 39
67 13
54 90
89 26
13 32
21 15
38 89
41 7
58 2
74 24
56 15
79 82
49 86
70 2
74 34
81 44
39 96
30 4
91 2
81 14
13 19
37 8
30 94
90 24
82 80
72 90
98 49
15 11
89 12
14 72
14 50
60 42
36 75
21 82
58 83
84 56
93 52
91 47
70 60
70 66
79 38
54 17
21 28
40 5
50 71
13 95
89 43
75 61
26 29
13 3
29 96
12 11
53 83
45 42
90 28
55 37
22 35
78 18
43 8
84 63
37 60
27 74
74 73
95 26
11 15
37 47
86 28
5 99
62 94
63 56
43 27
88 62
76 27
37 84
93 97
12 68
43 61
17 37
18 18
72 18
15 61
19 82
3 12
82 11
58 46
56 93
33 86
51 56
91 69
20 19
38 59
19 34
72 41
3 35
83 27
26 77
71 78
40 13
80 11
38 49
10 54
41 42
86 22
85 0
68 37
66 11
28 89
82 79
74 63
55 97
96 34
85 52
49 35
97 54
90 55
29 34
41 76
41 80
58 0
78 33
70 20
69 30
21 25
70 20
63 51
42 14
14 81
37 33
97 37
0 48
52 62
37 81
0 2
41 90
30 87
97 97
77 29
29 54
63 65
5 25
71 66
44 90
24 48
19 77
78 89
68 84
32 1
14 52
20 30
65 64
77 8
7 17
12 13
55 73
81 37
35 17
0 92
76 94
73 75
24 76
84 32
75 31
94 19
2 86
64 84
68 81
37 19
82 58
49 16
13 10
48 90
65 56
9 42
28 9
99 14
10 26
12 65
42 25
30 17
76 73
36 64
63 96
81 52
66 88
21 10
46 78
35 87
21 45
13 84
44 11
83 90
60 89
45 20
12 72
27 65
22 54
41 94
72 72
33 76
83 52
91 52
3 46
27 55
11 62
35 43
97 38
28 13
93 44
70 63
13 46
70 55
92 15
76 85
65 98
87 5
74 97
52 92
63 0
98 44
44 61
83 47
84 8
20 69
66 27
7 22
39 75
16 27
82 79
81 67
39 28
49 42
84 60
55 5
40 39
54 92
60 84
83 32
34 39
8 18
71 89
11 79
29 34
26 9
22 20
5 97
80 73
20 30
78 28
43 65
10 23
81 12
52 88
3 44
44 45
67 23
90 59
0 56
94 46
11 20
12 62
87 39
46 69
49 32
11 71
40 32
18 32
10 80
30 33
85 7
31 2
72 70
50 89
14 76
93 7
28 19
30 46
73 86
29 51
45 89
59 26
29 75
52 24
49 80
52 12
79 67
71 20
90 2
35 67
89 47
88 53
16 67
73 30
77 87
0 74
27 28
77 76
45 56
7 88
36 52
86 65
10 98
97 69
96 79
19 35
12 70
34 37
14 88
50 5
80 70
95 15
56 6
18 88
16 94
88 24
10 39
85 95
43 63
87 51
62 99
93 1
8 62
52 99
30 56
83 99
16 36
68 98
6 3
83 5
39 60
13 27
71 2
55 53
78 10
45 35
69 12
85 13
0 43
26 19
44 19
86 22
53 46
42 24
40 18
24 35
64 98
99 6
39 5
70 45
2 61
34 14
12 56
54 58
83 19
54 92
51 44
80 69
57 36
46 17
78 88
87 49
41 13
90 49
25 36
70 5
56 29
96 73
90 59
68 28
50 52
48 55
44 40
85 69
43 38
79 33
32 28
55 74
84 10
2 8
57 64
7 25
21 10
32 26
99 55
98 99
95 6
61 21
49 25
92 27
89 50
13 5
57 55
91 34
85 85
30 78
51 72
25 93
67 28
18 13
42 74
77 27
96 4
21 48
41 22
12 47
44 84
27 38
78 97
32 67
78 47
72 19
48 60
28 6
40 96
97 45
79 39
67 51
4 45
42 67
12 2
5 7
45 92
4 69
4 24
16 33
41 55
11 26
5 39
56 23
41 16
64 34
73 39
54 52
12 16
89 74
76 24
58 34
24 19
2 24
34 61
59 36
17 73
44 11
49 66
97 80
48 98
81 25
17 94
76 39
40 90
47 91
87 60
94 98
32 2
9 0
25 52
70 0
41 54
16 88
47 51
96 41
10 8
46 34
92 95
68 48
46 2
84 3
27 38
56 93
75 48
30 20
68 52
3 14
42 59
54 60
19 33
21 76
54 54
7 25
79 80
99 80
49 57
55 27
18 89
44 98
53 19
43 53
22 90
27 58
38 82
14 87
99 62
51 85
69 90
70 61
10 84
4 44
0 79
6 41
92 73
14 99
97 62
36 54
25 76
32 44
45 47
3 78
99 80
21 23
13 40
80 87
98 94
31 12
76 60
32 85
97 49
64 67
50 23
40 74
35 5
44 0
99 53
62 36
15 76
38 22
29 94
36 4
15 71
62 10
13 50
92 95
72 71
12 84
79 11
4 72
46 17
76 20
60 60
66 75
57 9
55 97
0 31
83 41
11 46
46 33
68 48
32 39
67 99
79 27
19 39
27 79
1 36
57 20
33 10
83 43
56 71
12 32
59 28
72 25
12 66
99 6
98 99
3 26
98 51
5 80
49 29
19 12
16 25
22 69
44 92
98 86
58 63
37 78
73 33
69 86
32 58
83 56
53 35
88 97
63 30
41 62
41 97
66 27
33 39
24 4
81 98
0 19
5 38
56 22
99 80
97 78
60 57
41 78
27 38
75 12
13 69
4 81
54 12
86 16
62 16
38 12
20 48
97 81
93 93
16 66
55 59
27 55
85 51
95 74
79 13
24 72
73 1
50 32
82 87
16 87
62 18
20 67
95 88
15 24
74 8
39 31
21 24
48 94
17 20
46 29
29 85
88 44
17 32
95 34
46 52
73 15
18 6
48 8
13 51
66 35
52 7
8 61
83 36
5 12
79 90
97 8
84 13
55 18
30 46
98 84
43 79
39 76
15 82
3 80
60 90
44 30
29 13
39 96
76 5
39 59
37 91
79 42
29 76
17 39
19 71
9 58
4 96
64 75
10 55
84 19
29 45
51 28
44 17
83 26
78 74
36 90
38 49
73 32
55 11
31 23
2 17
23 69
44 67
40 34
6 61
48 64
2 75
47 26
52 6
49 80
69 47
76 12
72 16
74 81
49 39
67 13
54 90
89 26
13 32
21 15
38 89
41 7
58 2
74 24
56 15
79 82
49 86
70 2
74 34
81 44
39 96
30 4
91 2
81 14
13 19
37 8
30 94
90 24
82 80
72 90
98 49
15 11
89 12
14 72
14 50
60 42
36 75
21 82
58 83
84 56
93 52
91 47
70 60
70 66
79 38
54 17
21 28
40 5
50 71
13 95
89 43
75 61
26 29
13 3
29 96
12 11
53 83
45 42
90 28
55 37
22 35
78 18
43 8
84 63
37 60
27 74
74 73
95 26
11 15
37 47
86 28
5 99
62 94
63 56
43 27
88 62
76 27
37 84
93 97
12 68
43 61
17 37
18 18
72 18
15 61
19 82
3 12
82 11
58 46
56 93
33 92
60 84
83 32
34 39
8 18
71 89
11 79
29 34
26 9
22 20
5 97
80 73
20 30
78 28
43 65
10 23
81 12
52 88
3 44
44 45
67 23
90 59
0 56
94 46
11 20
12 62
87 39
46 69
49 32
11 71
40 32
18 32
10 80
30 33
85 7
31 2
72 70
50 89
14 76
93 7
28 19
30 46
73 86
29 51
45 89
59 26
29 75
52 24
49 80
52 12
79 67
71 20
90 2
35 67
89 47
88 53
16 67
73 30
77 87
0 74
27 28
77 76
45 56
7 88
36 52
86 65
10 98
97 69
96 79
19 35
12 70
34 37
14 88
50 5
80 70
95 15
56 6
18 88
16 94
88 24
10 39
85 95
43 63
87 51
62 99
93 1
8 62
52 99
30 56
83 99
16 36
68 98
6 3
83 5
39 60
13 27
71 2
55 53
78 10
45 35
69 12
85 13
0 43
26 19
44 19
86 22
53 46
42 24
40 18
24 35
64 98
99 6
39 5
70 45
2 61
34 14
12 56
54 58
83 19
54 92
51 44
80 69
57 36
46 17
78 88
87 49
41 13
90 49
25 36
70 5
56 29
96 73
90 59
68 28
50 52
48 55
44 40
85 69
43 38
79 33
32 28
55 74
84 10
2 8
57 64
7 25
21 10
32 26
99 55
98 99
95 6
61 21
49 25
92 27
89 50
13 5
57 55
91 34
85 85
30 78
51 72
25 93
67 28
18 13
42 74
77 27
96 4
21 48
41 22
12 47
44 84
27 38
78 97
32 67
78 47
72 19
48 60
28 6
40 96
97 45
79 39
67 51
4 45
42 67
12 2
5 7
45 92
4 69
4 24
16 33
41 55
11 26
5 39
56 23
41 16
64 34
73 39
54 52
12 16
89 74
76 24
58 34
24 19
2 24
34 61
59 36
17 73
44 11
49 66
97 80
48 98
81 25
17 94
76 45